	sample_30114	sample_30208	sample_30225	sample_30401	sample_30417	sample_30445	sample_30455	sample_30488	sample_30517	sample_30571	sample_30590	sample_30597	sample_30733	sample_30774	sample_30784	sample_30798	sample_30800	sample_30806	sample_30810	sample_30815	sample_30830	sample_30864	sample_30865	sample_30867	sample_30875	sample_30919	sample_30923	sample_30929	sample_30945	sample_30979	sample_31076	sample_31079	sample_31085	sample_31089	sample_31106	sample_31110	sample_31111	sample_31123	sample_31210	sample_31216	sample_31270	sample_31373	sample_31389	sample_31391	sample_31392	sample_31439	sample_31448	sample_31449	sample_31451	sample_31505	sample_31512	sample_75041
Methanobrevibacter	22111	4	4973	0	22	18	6817	81	4	106	0	0	3048	8116	5	6293	226	9760	7	9387	5105	6	15	16508	3	10490	0	0	1458	5	5452	86	4	15	3	9874	20	0	1330	0	9	0	12	626	0	22999	2473	26	0	0	0	0
Methanosphaera	1427	0	205	0	0	0	0	0	0	0	0	0	0	0	0	229	0	0	0	0	0	0	0	1009	0	112	0	0	0	0	0	0	0	0	0	0	0	0	0	0	0	0	0	11	0	154	0	0	0	0	0	0
Candidatus_Methanogranum	0	0	0	0	0	0	0	0	0	0	0	0	0	0	0	0	0	0	0	0	3	0	0	0	0	0	0	0	0	0	0	0	0	0	0	0	0	0	0	0	0	0	0	0	0	0	0	0	0	0	0	0
Actinomyces	9	0	31	100	162	0	28	114	63	78	106	25	0	0	43	11	340	11	51	71	24	50	147	9	80	0	0	17	5	7	17	80	9	0	15	0	0	99	11	26	13	26	23	0	65	11	11	10	0	0	293	70
Actinomyces_sp._oral_taxon_848_str.F0332	0	0	0	0	0	0	0	0	3	0	0	0	0	0	0	0	0	0	0	0	0	0	0	0	0	0	0	0	0	0	0	0	0	0	0	0	0	0	0	0	0	0	0	0	0	0	0	0	0	0	7	0
Arcanobacterium	0	0	0	0	0	0	0	0	0	0	0	0	0	0	0	0	0	0	0	0	179	0	0	0	0	0	0	0	0	0	0	0	0	0	0	0	0	0	0	0	0	0	0	0	0	0	0	0	0	0	0	0
Mobiluncus	0	0	0	0	0	0	0	0	0	0	0	0	0	0	0	0	0	0	0	0	0	0	0	0	0	0	0	0	0	16	0	0	0	0	0	3	0	0	0	0	0	0	0	0	0	0	0	0	0	0	0	0
Alloscardovia	0	0	0	0	0	0	0	0	0	0	0	0	0	0	0	0	0	0	0	0	0	0	0	0	0	0	0	0	0	0	0	10	0	0	0	0	0	3	14	9	0	0	0	0	0	0	0	0	0	0	0	0
Bifidobacterium	3101	921	22109	3049	3088	0	7	7288	9	651	263	858	1305	569	2908	0	2800	13143	2256	27145	66	5735	1119	496	1514	1358	2443	1084	74	2653	2629	1431	0	23216	1555	0	18	1272	148	362	1261	87	55	504	22646	2582	7132	73	148	16	3320	2277
Pseudoscardovia	0	0	3	0	0	0	0	0	0	0	0	0	0	0	0	0	0	0	0	0	0	0	0	0	0	0	0	0	0	0	0	0	0	0	0	0	0	0	0	0	0	0	0	0	0	0	0	0	0	0	0	0
Scardovia	0	0	10	0	0	3	0	0	0	0	5	0	0	0	0	0	4	0	0	0	0	0	0	0	0	0	0	0	0	4	0	3	0	0	0	0	0	0	7	0	0	0	0	0	0	0	0	0	0	5	24	4
Corynebacterium	0	0	0	4	0	0	0	0	5	2	6	0	0	0	0	0	0	0	0	0	0	0	0	0	0	0	0	0	0	0	5	0	0	0	0	0	0	3	0	0	0	0	2	0	3	2	0	0	0	0	5	0
Corynebacterium_1	0	0	0	0	0	3	0	0	0	0	0	0	0	0	6	0	0	0	0	0	0	0	0	0	0	0	0	0	0	0	0	0	0	0	0	0	0	0	2	0	0	42	0	0	0	0	0	0	0	0	0	0
Lawsonella	0	0	0	0	0	0	0	0	0	11	0	0	0	0	0	0	0	0	0	2	0	21	0	0	0	0	0	8	0	0	0	0	0	0	0	0	0	0	0	0	0	0	0	0	0	0	0	0	0	0	0	0
Gordonia	0	0	0	0	0	0	0	0	0	0	0	0	0	0	0	0	0	0	0	0	0	0	0	0	0	0	0	0	0	0	0	0	0	0	0	0	0	0	3	0	0	0	0	0	0	0	0	0	0	0	0	0
Brevibacterium	0	0	0	0	0	0	0	0	0	0	0	0	0	0	0	0	0	0	0	2	0	0	0	0	0	0	0	0	0	0	0	0	0	0	0	0	0	0	0	0	0	0	0	0	0	0	0	0	0	0	0	0
Glutamicibacter	0	0	0	0	0	0	0	0	0	0	0	0	0	0	0	0	0	0	0	11	0	0	0	0	0	0	0	0	0	0	0	0	0	0	0	0	0	0	0	0	0	0	0	0	0	0	0	0	0	0	0	0
Kocuria	0	0	0	0	0	0	0	0	0	0	16	0	0	0	0	0	0	0	0	0	0	0	0	0	0	0	0	0	0	0	0	0	0	0	0	0	0	0	0	0	0	0	0	0	0	0	0	0	0	0	0	0
Rothia	12	9	14	54	32	0	0	6	11	5	51	11	0	7	0	0	214	0	0	33	0	0	50	3	7	4	13	0	0	20	43	18	0	0	57	0	0	4	13	12	0	0	33	0	0	0	7	17	0	0	183	0
Cutibacterium	0	0	0	0	0	0	0	0	0	0	0	0	0	0	0	0	5	0	0	5	0	0	0	0	0	0	0	0	0	0	0	15	0	9	0	0	0	0	0	0	0	0	0	0	0	0	0	0	0	3	0	0
Libanicoccus	744	0	0	0	0	0	0	0	0	0	0	0	0	0	0	0	0	0	0	0	103	0	0	0	0	0	0	0	0	0	0	0	0	0	0	0	0	0	113	0	0	0	0	0	0	0	0	0	0	0	0	0
Adlercreutzia	0	0	22	0	162	0	0	656	0	13	80	36	14	19	98	0	65	44	94	148	0	91	0	0	345	0	0	12	0	92	51	167	0	0	0	78	0	0	0	0	62	0	0	0	59	29	0	0	0	0	0	38
Atopobium	0	0	0	22	29	0	0	16	21	19	21	0	0	0	0	0	251	13	0	9	25	22	7	8	0	0	4	6	0	0	0	25	0	6	3	0	0	27	0	20	0	28	12	0	11	0	0	0	0	0	110	8
Collinsella	2860	1297	3133	1007	1753	0	73	4083	0	5503	6710	2739	512	249	1901	0	2362	1758	3197	512	1738	2583	10	747	8656	726	0	0	20	951	1051	1751	61	0	813	8570	565	4408	1534	0	439	774	2173	96	2168	470	476	88	301	194	0	10361
Cryptobacterium	0	0	0	0	0	0	0	0	0	0	0	0	0	0	0	0	0	7	0	0	0	0	5	0	0	0	0	0	0	0	0	0	0	0	2	0	0	0	0	0	0	0	0	0	0	0	0	0	0	0	0	0
Denitrobacterium	0	0	0	0	0	0	0	0	0	0	0	0	0	0	0	0	0	0	0	0	0	0	0	0	0	0	0	0	0	0	0	0	0	0	0	0	0	0	0	0	0	3	0	0	0	0	10	0	0	0	0	0
Eggerthella	0	0	137	0	17	0	11	24	0	28	10	0	0	0	0	0	82	21	4	0	0	8	409	0	22	0	27	14	0	0	0	9	0	75	26	0	0	19	0	32	0	13	20	0	24	14	0	0	0	0	233	0
Enterorhabdus	1242	0	0	276	0	0	0	0	0	855	13	0	0	283	7	0	0	0	0	0	886	9	0	362	0	498	0	0	0	0	7	12	0	0	0	316	0	0	14	0	0	0	0	0	0	7	0	0	0	0	0	0
Gordonibacter	0	0	128	0	38	0	146	63	0	0	95	21	2	0	11	53	8	105	16	26	0	58	175	0	105	0	0	68	17	57	27	50	0	15	60	0	18	32	0	0	0	0	0	31	47	19	0	0	0	0	0	67
Olsenella	0	0	0	0	0	0	0	0	0	0	0	0	0	0	14	0	0	0	0	0	0	0	0	0	0	0	0	18	0	0	0	0	0	0	0	0	0	0	0	0	0	0	0	0	0	0	30	0	0	0	0	0
Senegalimassilia	0	0	0	52	0	0	4186	0	0	1036	2725	719	0	83	0	1540	0	0	520	244	424	0	0	1033	1372	142	0	0	0	1152	919	1102	43	0	77	1155	0	0	87	0	0	65	0	0	0	0	0	12	24	0	0	905
Slackia	295	24	52	81	0	169	62	0	0	388	0	0	0	0	19	1115	0	0	244	20	468	221	0	407	0	65	0	437	0	12	0	1080	0	0	906	0	0	13	88	0	0	55	0	77	630	0	255	0	17	0	0	941
unclassified_Coriobacteriaceae_CHKCI002	0	0	0	0	0	0	0	0	0	0	0	0	0	0	0	0	0	0	0	0	0	0	141	0	0	0	0	0	0	0	0	0	0	0	0	0	0	0	0	0	0	0	0	0	0	0	0	0	0	0	0	0
Coriobacteriales_bacterium_DNF00809	37	0	92	0	0	0	62	0	0	22	0	12	0	18	7	20	0	22	0	0	17	3	34	13	66	0	0	8	0	0	0	59	7	0	0	0	0	0	6	0	0	0	0	0	10	12	0	0	0	0	0	35
Raoultibacter	0	15	0	0	0	0	5	0	0	9	0	0	0	0	8	0	0	0	0	36	0	0	0	0	21	6	0	5	0	0	0	0	0	3	0	4	0	0	0	0	0	0	0	0	8	0	0	0	0	0	3	0
Bacteroides	10384	34889	29758	1047	557	101	21442	6407	1043	11603	36581	1722	10077	1942	1022	5327	7860	5013	1269	3080	11860	403	24834	222	1414	3124	12550	19706	25389	1760	1006	8308	4778	30204	4951	7761	10799	1296	913	23430	8692	5582	32865	10525	14833	28477	55973	36140	41488	15303	11281	1428
Phocaeicola	0	0	0	0	0	0	0	0	0	0	0	0	0	0	0	0	0	0	0	0	0	0	6	0	0	0	0	0	0	0	0	0	0	0	0	0	0	0	0	0	0	0	0	0	0	0	0	0	0	0	0	0
Barnesiella	839	0	0	82	32	0	418	87	0	5	1604	104	536	0	27	0	23	103	6	11	0	0	921	8	0	34	1655	0	2252	0	0	116	0	0	126	420	967	27	33	136	106	249	96	7908	17	4378	2470	3383	752	39	0	0
Butyricimonas	43	552	54	0	0	0	90	0	0	14	202	44	107	29	34	28	0	19	26	0	54	0	40	6	0	150	59	45	174	13	0	5	0	13	2	117	0	0	35	0	0	7	0	639	109	310	1684	13	194	31	0	0
Coprobacter	125	0	465	0	0	0	34	0	0	0	78	4	194	0	0	0	0	0	7	5	0	0	0	0	0	0	0	0	109	5	0	0	5	0	0	153	0	0	0	0	6	0	2	180	0	0	145	403	10	0	0	0
Odoribacter	218	76	555	5	3	0	69	0	0	0	262	183	204	17	22	0	16	183	7	17	155	0	340	20	8	140	83	49	288	34	94	6	16	26	0	176	38	9	9	0	114	0	21	1181	61	1520	891	412	708	88	21	5
Parabacteroides	534	1503	3425	215	38	0	452	79	11	247	2283	18	807	60	9	887	55	172	137	1108	525	0	1244	9	116	491	1400	2781	948	297	136	285	82	3138	12	190	113	56	745	1333	522	1181	2239	1181	1088	1316	1632	1545	1233	515	196	53
Porphyromonas	0	167	0	0	0	0	11	11	0	0	4	0	0	0	0	2	0	23	13	0	7	123	0	0	0	0	0	943	21	1273	8	22	0	0	0	8	18	0	6	0	0	0	5	0	0	9	14	86	22	0	0	0
Sanguibacteroides	20	0	0	0	0	0	5	0	0	0	0	0	0	0	0	0	0	0	0	0	5	0	0	0	0	5	0	0	0	0	0	0	0	0	0	0	0	0	0	0	0	0	0	0	0	0	0	0	0	0	0	0
Alloprevotella	0	12059	0	0	2	0	0	2	0	2	0	0	0	0	0	468	0	0	0	58	114	0	0	2	0	0	0	0	3099	0	0	86	0	3	0	0	0	0	292	0	0	0	14	0	0	0	0	2	0	2205	0	2
Paraprevotella	371	3687	914	13	17	138	634	0	0	10	6	0	2138	181	31	256	42	48	250	120	6	0	0	0	0	440	815	0	16	1668	624	40	0	0	534	480	989	62	287	553	2583	0	87	2023	4669	1045	5434	0	5372	477	1312	0
Prevotella	0	12	3	0	0	0	0	210	0	0	4	0	3	0	0	7	0	64	2	3	15	0	0	0	0	0	0	788	78	59	8	17	0	0	0	0	0	0	0	0	0	3	5	0	0	27	28	30	0	9	0	0
Prevotella_2	0	95	0	16	0	0	0	0	0	44	0	0	583	196	0	69	0	0	252	55	86	0	0	0	0	0	0	0	404	0	0	127	0	0	0	0	8680	0	707	0	0	0	0	0	4485	0	0	0	0	42	0	3
Prevotella_6	0	6	23	0	0	0	0	35	0	0	0	0	0	0	35	0	0	0	0	0	14	0	0	0	2	0	0	3854	0	0	0	11	0	0	0	0	10	0	0	0	0	0	0	0	0	0	274	8	2	0	0	0
Prevotella_7	0	0	0	0	0	0	0	0	0	860	0	0	0	0	0	0	0	0	0	0	15	0	0	0	0	77	0	0	0	0	0	0	0	0	0	0	0	0	222	0	0	0	14	0	0	0	2724	0	0	6	0	0
Prevotella_9	88	8730	0	3364	17	14	9	0	0	15	2801	4	17805	1518	742	1418	0	13	6	276	54	8	4394	107	0	11356	8975	0	1484	52	410	2796	0	10195	29	1580	16918	5681	6217	0	0	28739	58331	62123	15739	11281	0	14931	17	1561	0	942
Prevotella_CAG.873	0	0	0	0	0	0	0	0	0	0	0	0	0	0	0	0	0	0	0	0	0	0	0	0	0	3345	0	0	0	0	0	0	0	0	0	0	0	0	0	0	0	0	0	0	0	0	0	0	0	0	0	0
Prevotellaceae_NK3B31_group	0	0	0	0	0	0	0	0	0	0	3531	0	0	0	0	25	0	34	43	0	0	0	0	0	0	0	0	0	0	0	0	68	0	0	0	0	0	0	0	0	0	0	0	0	0	0	0	0	0	0	0	0
Prevotellaceae_UCG.003	0	0	0	0	0	0	0	0	0	0	0	0	0	76	0	0	0	0	0	0	0	0	0	0	0	0	0	88	0	0	0	8	0	0	0	0	0	0	0	0	0	0	0	0	0	0	0	0	0	0	0	0
Alistipes	5647	1712	7276	152	107	0	1716	37	7	74	4797	639	243	26	560	768	85	962	210	474	291	26	4517	54	242	918	788	2150	2419	3116	913	228	68	38	199	4330	567	138	291	8	506	334	1227	3864	2185	6905	5293	1860	4570	933	13	56
Rikenella	0	2	5	0	0	0	8	0	0	0	0	0	0	2	0	0	0	0	0	0	0	0	0	0	0	0	0	0	0	0	0	0	0	0	0	0	0	0	0	0	0	0	0	0	0	0	0	0	26	0	0	0
Rikenellaceae_RC9_gut_group	259	0	0	0	0	0	0	0	0	0	0	0	0	158	0	0	0	0	0	0	109	0	0	0	0	0	0	0	0	0	0	0	0	0	0	58	0	0	0	0	0	0	0	0	0	0	0	0	0	421	0	0
Bergeyella	0	0	0	0	0	0	0	0	0	0	0	0	0	0	0	0	0	0	0	0	0	0	0	0	0	0	0	0	0	0	0	0	0	0	0	0	0	0	0	0	0	0	2	0	0	0	0	0	0	0	0	0
Chryseobacterium	0	0	0	0	31	0	0	0	0	0	0	0	0	0	0	0	0	0	0	0	0	0	0	0	0	0	0	0	0	0	0	0	0	0	0	0	0	0	0	0	0	0	0	0	0	0	0	0	0	0	0	0
Elusimicrobium	0	0	0	24	0	0	99	0	0	5	0	0	0	18	0	0	0	0	146	0	0	0	0	0	0	0	0	0	49	0	0	0	0	0	0	0	0	0	0	0	0	0	0	0	0	0	0	0	0	0	0	0
Gemella	0	0	0	31	17	23	0	29	17	12	281	0	5	0	0	0	137	9	0	15	0	122	4	0	69	0	0	0	0	0	7	5	0	0	10	0	0	39	0	30	0	181	104	0	46	11	0	19	0	0	44	26
Sporolactobacillus	0	0	0	0	0	0	0	0	0	0	0	0	0	0	0	0	0	0	0	0	0	0	0	0	0	0	0	0	0	0	0	0	0	4	0	0	0	0	0	0	0	0	0	0	0	0	0	0	0	0	0	0
Staphylococcus	0	0	0	3	0	0	0	0	0	0	0	0	0	0	0	0	0	0	0	0	0	0	0	0	0	0	0	0	0	0	0	0	0	0	0	0	0	0	0	0	0	0	0	0	0	0	0	0	0	0	0	0
Abiotrophia	0	0	0	0	27	0	0	0	0	0	0	0	0	0	0	0	0	0	0	0	0	0	71	0	0	0	0	0	0	0	0	0	0	0	0	0	0	0	0	0	0	0	0	0	22	0	0	0	0	0	0	0
Carnobacterium	0	0	0	0	0	0	0	0	0	0	0	0	0	0	0	0	0	0	0	0	0	0	0	0	0	0	0	0	0	0	0	0	0	0	0	9	0	0	0	0	0	0	0	0	0	0	0	0	0	0	0	0
Granulicatella	0	5	0	0	29	0	0	54	74	25	157	0	6	0	0	0	245	0	0	0	0	0	17	0	44	0	36	0	0	0	48	0	0	0	21	0	0	26	0	0	0	33	75	0	0	0	0	19	0	0	234	0
Isobaculum	0	0	0	0	0	0	0	0	0	0	0	0	0	0	0	0	3	0	0	0	0	0	0	0	0	0	0	0	0	0	0	0	0	0	0	0	0	0	0	0	0	0	0	0	0	0	0	0	0	0	0	0
Enterococcus	39	0	29	27	44	0	126	86	0	0	350	71	0	27	7	27	1427	21	0	28	0	29	313	19	250	61	0	6	0	11	0	35	70	0	229	0	0	0	19	234	0	372	0	9	32	13	0	0	0	81	65	517
Vagococcus	0	0	0	0	0	0	0	0	0	0	0	0	0	0	0	0	10	0	0	0	0	0	0	0	0	0	0	0	0	0	0	0	0	0	0	0	0	0	0	0	0	0	0	0	0	0	0	0	0	0	0	0
Lactobacillus	12	6	14	1545	0	66	6	0	0	29	109	159	298	0	25	0	158	92	18	0	0	94	27	95	272	0	4	0	0	11	102	90	0	8	271	14	0	180	2884	919	0	7692	522	0	2	163	253	2	0	421	154	4
Pediococcus	27	0	0	0	0	0	0	0	0	0	0	0	0	0	0	0	0	0	0	0	0	0	0	0	0	0	0	0	0	0	0	0	0	0	0	0	0	0	17	9	0	0	0	0	0	0	0	0	0	0	0	0
Leuconostoc	0	0	0	0	7	0	0	0	99	0	0	0	0	0	0	15	0	0	0	33	0	8	0	0	28	0	2	0	144	7	8	4	7	35	0	0	0	2	0	0	2	0	0	0	3	8	0	0	0	0	22	185
Weissella	363	0	16	90	13	0	0	0	0	8	5	0	0	0	0	22	19	11	0	124	130	226	18	0	62	0	0	0	0	0	2184	0	17	111	16	13	0	0	176	0	0	57	26	20	9	0	16	0	3	0	74	0
Lactococcus	105	0	36	12	223	0	10	0	0	7	59	0	0	127	0	21	46	5	0	18	0	20	0	0	96	0	0	0	0	0	117	0	28	0	0	0	0	9	46	29	19	578	0	13	10	70	0	46	0	13	0	3
Streptococcus	70	71	583	5345	1216	132	26	1863	274	262	9298	49	256	2403	29	53	20244	646	212	4198	1232	2614	252	52	5894	14	1236	128	29	67	2381	9509	106	186	3921	0	115	1481	1467	883	971	9018	4213	134	127	189	209	1597	94	189	3655	1276
Catabacter	12	0	0	0	0	0	4	0	0	0	7	13	0	0	0	0	0	16	0	22	4	0	33	0	15	0	0	7	0	6	12	0	0	0	0	0	0	0	0	0	0	0	0	0	0	0	0	0	0	0	0	0
Christensenella	0	0	0	0	29	0	0	0	0	0	0	0	0	0	0	0	0	0	0	0	0	0	73	0	0	0	0	0	0	0	0	0	0	0	0	0	0	0	0	0	0	0	0	0	0	4	0	0	0	0	0	0
Christensenellaceae_R.7_group	3222	279	3384	892	5552	47	4401	103	832	3415	2428	1844	696	1666	3569	675	50	5818	844	4587	368	783	1939	3919	687	2827	3137	378	1457	1623	192	2188	161	6	710	1044	530	0	136	0	6766	366	189	676	8827	8079	765	4271	1822	1815	0	1365
Clostridium_CAG.352	0	0	0	0	0	0	0	4515	0	0	0	0	0	0	32	0	0	0	0	0	0	0	0	0	0	2078	0	0	0	0	0	0	0	0	0	0	0	0	0	0	0	0	46	39	0	3517	0	0	0	0	0	0
Clostridium_sensu_stricto_1	1998	0	35	814	6567	25	1192	2586	100	0	181	202	14	200	10509	401	327	80	9126	12731	83	4311	13	9851	5999	501	596	45	81	153	419	1250	101	592	824	5	30	4890	2886	1028	278	1200	67	314	2272	469	1502	704	305	2263	137	4939
Clostridium_sensu_stricto_3	0	0	0	0	0	0	0	0	0	0	0	0	0	0	0	0	0	4	0	0	0	0	0	0	0	0	0	0	0	0	0	0	0	0	0	0	0	0	0	0	0	0	0	0	0	0	0	0	0	0	0	0
Clostridium_sensu_stricto_6	0	0	0	0	0	0	8	0	0	0	0	0	0	0	0	0	0	0	0	0	0	0	0	0	0	0	0	0	0	0	0	0	0	0	0	0	0	0	0	0	0	0	0	0	0	0	0	0	0	0	0	0
Sarcina	0	0	0	0	0	0	0	0	0	0	0	2045	0	0	0	78	0	0	459	0	0	0	0	18	0	0	0	0	0	0	0	0	0	0	0	0	0	0	0	0	0	0	13	153	0	0	0	0	0	0	0	288
Clostridiales_bacterium_S5-A14a	0	7	0	0	0	0	0	0	0	0	0	0	0	0	0	0	0	0	0	0	0	7	0	0	0	0	0	207	0	0	0	6	0	0	0	0	0	0	0	0	0	0	0	0	0	0	0	0	0	0	0	0
Defluviitaleaceae_UCG.011	12	0	0	0	0	0	8	0	0	0	0	0	7	49	0	4	0	38	0	0	0	0	0	0	0	31	0	0	12	0	0	5	61	0	0	5	0	0	0	0	0	0	0	60	0	0	12	18	0	56	0	0
Anaerofustis	22	0	16	0	0	0	8	2	0	0	0	0	0	5	0	0	0	3	0	0	5	2	0	5	0	2	0	0	0	0	0	0	0	0	0	2	0	0	0	0	0	0	0	10	0	25	5	0	0	0	13	0
Eubacterium	12	0	14	0	0	0	0	0	0	0	15	0	0	0	0	0	0	0	0	0	0	0	575	0	80	0	25	0	0	0	0	0	0	0	0	0	0	0	0	17	0	0	0	0	0	0	0	0	0	0	0	0
Anaerococcus	0	3	0	0	0	0	0	9	0	0	0	0	0	0	0	0	0	10	0	0	3	420	0	0	0	0	0	86	0	23	0	0	0	0	0	0	2	0	0	0	0	0	0	0	0	0	0	11	0	0	0	0
Ezakiella	0	81	0	5	3	0	0	0	0	0	5	0	0	0	0	0	0	137	0	0	5	131	0	0	0	0	0	2616	8	1048	3	0	0	0	0	3	5	0	0	0	0	0	0	0	0	5	0	44	14	0	0	0
Finegoldia	0	3	0	0	0	0	0	13	0	0	0	0	0	0	0	0	0	0	0	0	0	150	0	0	0	0	0	19	0	0	0	5	0	0	0	0	9	0	0	0	0	0	0	0	0	0	8	17	2	0	0	0
Gallicola	0	0	0	0	0	0	0	0	0	0	0	0	0	0	0	0	0	0	0	0	0	0	0	0	0	0	0	3	0	0	0	0	0	0	0	0	0	0	0	0	0	0	0	0	0	0	0	0	0	0	0	0
Parvimonas	0	0	0	0	0	0	0	0	0	33	0	0	0	0	0	0	14	12	31	13	0	28	0	0	0	0	0	0	0	0	44	0	0	0	0	0	0	0	0	0	0	0	0	0	0	0	0	0	0	0	0	4
Peptoniphilus	0	5	0	0	0	0	0	0	0	0	0	0	0	0	0	0	0	16	0	0	0	159	0	2	0	0	0	487	0	89	0	4	0	0	0	0	2	0	0	0	0	0	0	0	0	0	0	11	0	0	0	0
Family_XIII_AD3011_group	756	263	147	409	320	0	414	110	0	522	154	96	190	141	241	158	298	164	132	282	221	62	489	451	323	194	31	65	59	31	18	425	4	8	203	95	106	109	33	0	6	31	0	147	115	988	0	82	0	362	0	161
Mogibacterium	1001	282	0	6	0	0	0	24	22	105	22	0	0	0	7	0	30	11	6	14	247	35	0	8	0	19	0	50	0	0	0	8	0	0	0	0	0	3	50	0	0	0	0	0	0	3	0	0	0	0	6	0
Murdochiella	0	2	0	0	0	0	0	0	0	0	0	0	0	0	0	0	0	0	0	0	0	5	0	0	0	0	0	18	0	13	0	0	0	0	0	0	0	0	0	0	0	0	0	0	0	0	0	9	3	0	0	0
Agathobacter	1110	1971	489	5549	4007	4175	61	4828	1601	3701	858	554	3872	2778	604	2296	8852	422	5354	6001	73	2141	50	1078	4300	974	465	2700	1967	1304	508	2335	185	3345	1717	1055	2387	4046	238	467	4363	15390	2877	1497	3430	2024	3597	6386	2865	5600	5495	1952
Anaerosporobacter	0	0	0	0	0	0	0	0	0	0	0	0	0	92	0	0	0	0	0	0	0	0	0	0	0	0	0	0	0	0	0	0	0	0	0	0	0	0	0	0	0	0	0	0	0	0	0	0	0	0	0	0
Anaerostipes	855	112	2468	1626	521	894	284	1566	254	71	1549	974	244	28	761	91	5305	353	988	2471	664	1755	688	349	2299	137	54	511	65	28	33	1856	0	1375	54	1214	50	148	139	201	664	149	1649	541	5699	1382	0	191	27	776	909	633
Blautia	6500	773	1534	11317	8540	8772	898	25065	642	643	5380	3416	509	447	7151	1734	12406	552	9068	11259	1611	14429	11947	3846	15088	649	1614	1642	450	327	215	6034	281	3360	885	5014	483	4215	679	700	1991	1849	3137	766	7713	2719	184	2251	720	7040	3598	6550
Butyrivibrio	0	0	0	0	0	37	0	54	0	0	0	0	55	78	778	0	0	0	0	0	0	0	0	0	0	977	0	0	0	0	0	6	0	0	0	0	0	0	0	0	0	0	0	5552	0	353	488	3170	0	2252	0	0
Cellulosilyticum	0	0	0	0	0	0	0	0	0	0	0	0	0	66	0	0	0	0	0	0	0	0	0	0	0	0	0	0	0	0	0	0	0	0	0	0	0	0	0	0	0	0	0	0	0	0	0	0	0	0	0	0
Coprococcus_1	593	0	371	119	38	0	448	17	35	130	257	148	69	65	72	202	85	47	218	115	173	77	0	127	36	37	0	20	37	42	23	87	26	0	99	133	74	556	38	0	33	77	141	188	311	313	0	337	22	240	0	174
Coprococcus_2	236	0	474	49	725	0	10	0	0	32	402	862	1980	0	527	0	0	87	0	293	58	178	0	6	64	187	0	49	9	936	279	174	248	6	124	57	0	2422	60	0	297	0	931	36	0	222	1203	5018	2501	203	0	222
Coprococcus_3	786	53	150	205	2206	0	342	4134	213	240	968	260	96	175	229	119	165	111	959	1094	93	4254	6	142	1653	61	286	148	144	367	33	962	80	0	163	709	200	27	269	0	197	494	885	209	2104	905	241	219	173	312	0	535
Dorea	1529	156	310	1780	2210	142	226	6285	244	687	1436	383	179	157	1541	621	3404	379	2196	1490	248	3487	186	2072	1013	250	1053	535	172	285	132	1624	60	1847	350	729	1437	1513	634	474	571	1626	1627	930	3138	1148	178	391	147	797	1302	2272
Eisenbergiella	0	59	0	0	0	0	0	0	0	58	0	0	0	0	0	0	0	87	0	0	0	0	124	0	0	0	13	347	9	0	0	0	0	0	0	0	6	0	0	0	0	0	0	0	0	0	0	0	0	0	31	0
Fusicatenibacter	596	61	402	1655	1853	201	42	419	1031	308	394	384	428	72	26	14	4911	23	160	1026	209	2424	304	299	1340	135	721	868	71	127	35	231	25	682	419	178	66	1206	134	0	310	585	594	79	1036	1781	36	156	269	728	777	1927
GCA.900066225_genus	0	0	96	0	13	0	39	0	0	0	0	9	47	90	30	7	0	24	71	26	0	0	5	13	29	44	35	20	0	0	12	20	0	0	0	99	0	0	27	0	0	0	0	31	0	112	0	6	0	170	0	16
GCA.900066575_genus	0	8	0	0	7	0	0	15	0	7	14	0	137	86	14	0	0	20	13	0	0	2	0	0	7	139	6	46	36	17	0	11	50	0	0	4	46	4	0	0	24	8	22	279	14	103	26	593	18	64	0	0
Howardella	494	0	0	197	0	0	0	0	0	476	157	0	45	141	204	90	0	0	454	0	34	0	0	14	0	69	0	469	0	0	0	0	7	0	0	0	17	0	11	0	0	0	0	143	0	0	23	0	0	0	0	0
Hungatella	0	55	0	0	0	0	0	0	0	16	0	0	0	0	0	0	0	27	0	0	285	0	255	0	0	0	12	34	27	0	0	0	0	0	0	0	0	0	0	16	0	0	0	0	0	0	0	8	0	0	0	0
Lachnoclostridium	0	2276	23	159	487	96	0	35	162	1473	0	23	816	120	0	21	102	15	13	24	8	10	336	9	225	211	1087	8893	288	286	12	28	335	3294	326	11	1991	83	70	3025	47	174	496	502	121	311	201	500	269	109	78	39
Lachnospira	27	402	132	407	102	0	0	498	0	153	379	0	2606	60	25	411	83	6	206	119	54	16	505	133	46	1210	301	1180	1379	716	579	744	491	226	34	83	7399	24	321	0	161	78	2308	1467	191	548	1518	6260	3117	666	204	372
Lachnospiraceae_AC2044_group	107	0	313	0	0	0	993	0	0	0	0	69	314	212	737	58	0	503	580	67	0	0	6	196	0	82	0	0	173	9	31	203	29	0	0	1819	0	0	120	0	0	0	0	306	59	1462	21	830	93	1011	0	0
Lachnospiraceae_FCS020_group	99	0	0	132	118	0	28	255	0	0	73	210	23	48	93	39	130	34	116	402	0	58	0	191	137	113	100	28	0	5	6	566	0	0	14	194	12	68	10	0	51	14	81	25	73	255	9	98	10	92	0	233
Lachnospiraceae_NC2004_group	0	0	33	0	0	0	0	0	0	0	0	0	0	0	0	0	0	0	0	0	0	0	0	0	0	0	0	0	0	0	571	0	0	0	0	32	0	0	0	0	0	0	0	0	0	0	0	0	0	62	0	0
Lachnospiraceae_ND3007_group	39	0	16	75	171	0	12	138	33	180	29	70	205	63	62	74	81	0	27	61	6	14	0	6	10	10	0	0	41	113	0	34	26	16	85	9	31	6	15	0	36	180	134	231	263	862	28	321	58	134	7	40
Lachnospiraceae_NK3A20_group	0	0	0	0	0	0	0	0	0	0	0	0	0	0	0	0	0	0	0	0	0	0	0	0	0	0	0	0	0	0	0	7	0	0	0	0	0	0	0	0	0	0	0	0	0	0	0	0	0	0	0	0
Lachnospiraceae_NK4A136_group	334	158	103	1680	1612	0	171	668	4536	3541	887	372	2781	610	970	659	5681	528	4525	620	0	309	164	134	115	1206	309	905	711	551	5943	3272	1151	1381	4269	323	1068	260	746	19	327	1298	637	2649	560	669	1030	7960	2579	1639	31	308
Lachnospiraceae_NK4B4_group	0	0	451	0	0	0	76	0	0	0	0	0	0	0	0	40	0	30	23	22	0	664	0	29	0	36	0	831	40	0	0	33	0	0	0	0	0	0	27	0	0	0	9	0	0	287	67	442	0	0	0	11
Lachnospiraceae_UCG.001	0	0	79	14	142	0	17	228	0	0	235	0	1338	309	55	0	0	17	70	57	0	28	0	67	25	0	0	0	48	24	44	197	26	0	0	28	0	24	14	0	199	221	0	73	109	44	430	789	98	67	0	21
Lachnospiraceae_UCG.002	25	0	0	0	0	0	0	0	0	0	0	0	0	0	10	0	0	0	0	0	0	0	0	0	0	0	0	0	0	0	0	0	0	0	0	0	0	0	0	0	0	0	0	0	0	0	0	0	0	0	0	0
Lachnospiraceae_UCG.003	0	0	0	0	0	0	12	0	0	0	0	12	0	61	0	0	0	11	25	24	0	0	0	34	6	22	0	115	20	0	0	79	25	0	190	0	0	0	0	0	0	0	0	65	0	0	113	216	1204	0	0	0
Lachnospiraceae_UCG.004	0	54	14	0	0	0	0	0	0	25	0	13	389	0	14	10	0	0	19	17	0	0	0	0	0	453	0	251	68	35	0	12	275	80	39	0	710	0	0	0	0	16	0	250	0	130	166	1551	362	89	22	0
Lachnospiraceae_UCG.006	0	0	0	0	0	0	0	0	0	0	0	0	0	0	0	0	0	0	0	0	0	0	0	0	0	0	0	0	0	0	0	0	0	0	0	0	0	0	0	0	0	0	0	45	0	0	0	0	0	0	0	0
Lachnospiraceae_UCG.008	20	0	0	0	0	0	12	0	0	0	0	6	0	0	9	18	0	0	0	0	0	0	0	0	0	27	25	0	0	0	0	0	141	0	0	0	23	18	0	0	12	0	12	75	14	40	0	0	0	0	0	0
Lachnospiraceae_UCG.009	0	0	0	0	0	0	0	0	0	0	0	0	0	0	0	0	0	0	0	0	0	0	0	0	82	0	0	0	0	0	0	0	0	0	0	0	0	0	0	0	0	0	0	0	0	0	0	0	0	0	0	0
Lachnospiraceae_UCG.010	14	34	89	64	14	38	271	0	19	303	12	0	108	137	4	5	0	15	0	5	0	0	41	0	0	144	44	234	151	83	22	42	34	53	33	6	236	10	18	0	0	44	254	9	182	708	18	695	186	300	71	0
Lactonifactor	0	0	0	0	0	0	0	0	0	0	0	0	0	0	0	0	0	0	0	0	0	0	18	0	0	0	0	0	0	0	0	0	0	0	0	0	0	0	0	0	0	0	0	0	0	0	0	0	0	0	0	0
Marvinbryantia	394	0	0	291	60	0	154	146	0	0	112	23	0	198	287	119	11	33	168	104	32	724	0	174	236	25	88	0	0	29	0	113	0	0	0	100	0	83	25	0	58	0	18	54	92	218	0	29	0	815	0	318
Moryella	0	0	0	0	0	0	0	0	0	0	0	0	0	0	0	0	0	0	0	0	0	0	0	0	0	0	0	255	0	0	0	0	0	0	0	0	0	0	0	0	0	0	0	0	0	0	0	0	0	0	0	0
Oribacterium	0	0	0	0	21	0	0	0	14	0	0	0	0	0	0	0	3	0	0	0	58	0	0	0	0	0	0	0	0	0	13	0	0	0	6	0	0	0	0	4	0	0	0	0	0	0	0	0	0	0	12	0
Roseburia	368	325	127	1441	1443	0	390	717	84	4135	1730	175	1582	243	175	2051	318	180	497	760	33	137	923	466	454	313	1340	3473	701	142	987	1328	286	18784	3193	1356	1608	289	235	0	847	2012	1390	490	1504	398	895	4600	7654	1552	0	197
Sellimonas	0	0	0	0	21	0	14	0	0	0	0	6	0	0	0	0	10	29	0	0	0	0	235	6	185	4	0	10	0	0	0	0	0	0	0	0	0	0	0	0	0	0	0	0	0	12	0	0	0	0	106	5
Shuttleworthia	0	0	0	28	0	0	0	0	7	0	0	0	0	61	0	106	0	0	18	0	0	0	0	0	0	0	0	0	0	0	0	0	0	0	0	0	0	0	0	0	0	0	0	0	43	19	49	247	0	71	0	0
Stomatobaculum	0	0	0	0	0	0	0	0	0	0	0	0	0	0	0	0	0	0	0	0	0	0	0	0	0	0	4	0	0	0	0	0	0	0	0	0	0	0	0	0	0	0	0	0	0	0	0	0	0	0	0	0
Tyzzerella	52	0	0	0	0	0	0	5	26	47	87	0	64	8	0	0	0	0	29	0	0	0	0	0	0	0	0	105	19	0	0	9	0	595	0	0	44	51	0	0	39	52	0	63	177	151	0	148	73	0	7	0
Tyzzerella_3	0	0	6	0	0	0	34	163	0	0	2	0	21	12	142	0	275	0	0	0	0	0	0	0	0	0	0	0	0	207	0	0	0	0	0	0	0	90	0	0	0	0	0	0	0	171	0	0	0	0	0	0
Tyzzerella_4	0	0	0	0	0	0	0	0	0	1129	91	0	0	0	0	0	0	0	0	0	535	0	813	0	0	0	0	217	0	0	0	0	0	934	0	0	0	0	0	38	0	0	0	0	0	0	0	0	0	0	3391	0
Peptococcus	0	0	0	0	0	0	0	0	0	0	665	0	0	0	0	0	0	0	0	0	88	0	0	0	0	0	0	4	0	0	0	0	21	0	0	679	0	0	0	0	0	0	0	0	0	0	0	0	0	0	0	0
Asaccharospora	0	0	0	0	0	0	0	0	0	0	0	0	0	0	3	0	0	0	0	0	0	0	0	0	0	0	0	0	0	0	0	0	0	0	0	0	0	0	0	0	0	0	0	0	0	0	0	0	0	0	0	0
Intestinibacter	0	254	0	7	1746	0	1397	2023	0	0	507	761	0	63	587	57	357	12	1733	1051	37	1877	530	2205	1465	0	101	19	0	0	0	5504	20	0	0	0	0	291	19	10	73	18	8	0	88	24	11	33	0	62	0	1236
Paeniclostridium	0	0	0	0	0	0	0	0	0	0	0	0	0	0	0	0	0	0	0	0	0	77	0	0	0	0	0	0	0	0	0	16	0	0	0	0	0	0	19	0	0	0	0	0	0	0	0	0	0	0	0	0
Paraclostridium	0	0	0	0	0	0	0	8	0	0	0	0	0	0	0	0	0	0	0	0	0	0	0	0	0	0	0	0	0	0	0	0	0	0	0	0	0	0	0	0	0	0	0	0	0	0	0	0	0	0	0	0
Peptoclostridium	0	0	0	0	0	0	0	0	0	0	0	0	0	0	0	0	0	0	0	0	0	0	0	0	0	0	0	0	0	0	0	0	0	0	0	0	0	21	0	0	0	0	0	0	0	0	0	0	0	0	0	0
Peptostreptococcaceae_bacterium_oral_taxon_113_str._W5053	0	0	0	0	0	0	0	0	0	0	0	0	0	0	0	0	0	0	0	0	0	0	0	0	0	0	0	5	0	0	0	0	0	0	0	0	0	0	0	0	0	0	0	0	0	0	0	0	0	0	0	0
Peptostreptococcus	0	0	0	0	0	0	0	0	0	0	7	0	0	0	0	0	0	0	0	0	0	0	0	0	0	0	0	191	18	0	0	0	0	0	0	0	0	0	0	0	0	0	0	0	0	0	0	0	0	0	0	0
Romboutsia	572	0	105	1535	7297	0	1852	11993	26375	41	5197	303	7	94	13967	699	1674	119	3705	3387	149	9099	0	9089	9012	626	3136	9	11	81	229	1024	84	2406	864	331	24	1339	2565	7	914	208	364	215	1257	547	773	611	231	2278	416	6880
Terrisporobacter	0	0	14	0	1107	0	981	357	0	0	8	145	0	0	46	0	12	0	487	45	0	3935	16	538	633	0	4	0	0	0	0	565	48	0	0	0	0	95	0	0	0	0	0	0	44	48	16	0	0	0	0	2754
Anaerofilum	0	0	7	11	8	0	24	0	0	13	0	0	138	408	0	10	0	0	0	0	0	10	0	0	0	154	0	0	0	0	0	67	0	0	0	0	0	0	8	0	0	0	0	10	0	168	1127	504	7	0	0	8
Anaerotruncus	0	0	28	0	0	0	0	0	0	0	0	0	4	0	0	0	0	0	0	0	0	0	6	0	0	12	0	8	18	0	0	0	0	0	0	0	0	0	0	0	0	0	0	11	13	16	0	0	0	0	21	0
Angelakisella	56	0	21	0	8	0	22	0	0	0	0	0	61	10	0	0	0	0	11	0	13	0	0	0	0	28	84	138	12	31	0	0	0	0	0	4	0	17	0	0	0	0	0	25	0	65	23	0	40	0	0	0
Butyricicoccus	0	365	0	0	445	0	38	529	52	231	297	116	69	104	108	39	845	0	761	0	12	608	58	46	308	0	402	500	81	289	116	113	0	471	241	73	78	411	112	230	44	79	522	214	298	119	672	266	81	0	82	251
Candidatus_Soleaferrea	0	0	0	0	0	0	0	0	0	6	6	0	0	5	0	0	18	8	0	0	0	0	11	0	0	0	0	0	0	6	0	0	0	0	5	7	0	0	0	0	0	0	0	0	3	0	0	0	0	5	0	0
Caproiciproducens	0	11	23	0	0	0	0	0	0	0	0	0	0	115	7	0	0	599	0	5	0	0	0	0	0	229	0	0	9	0	0	69	0	9	0	43	0	0	0	0	0	0	0	594	0	1159	8	0	0	0	34	0
Faecalibacterium	1095	11431	1289	5330	7877	105	62	10226	13981	4223	1120	1340	6241	10581	2002	2071	177	206	4495	1286	201	7346	3184	1100	6995	28707	8072	14421	2304	5546	3537	8419	11894	5481	15856	2260	15399	23353	1526	0	14063	6741	7323	6709	13352	8773	7160	6857	5571	13841	19028	2128
Faecalibacterium_sp.UBA1819	251	183	174	0	145	0	568	20	29	176	81	17	50	20	64	52	21	770	0	398	337	12	380	14	146	71	81	11	276	46	203	14	8	96	218	31	74	46	0	51	0	15	0	27	231	72	0	12	16	236	240	43
Fastidiosipila	0	0	0	0	0	0	0	0	0	0	0	0	0	0	0	0	0	0	0	0	0	0	0	0	0	0	0	0	0	2	0	8	0	0	0	0	0	0	0	0	0	0	0	0	0	0	0	0	0	0	0	0
Flavonifractor	21	785	73	0	0	0	8	0	33	207	18	0	33	57	4	0	11	0	8	0	59	0	177	0	0	66	9	191	41	18	8	91	23	444	46	0	103	0	0	126	0	11	173	24	149	423	28	107	97	10	56	0
Fournierella	35	0	10	70	20	0	0	0	0	0	17	0	101	98	20	7	0	35	17	27	18	0	0	21	51	41	0	0	512	0	0	60	0	0	9	0	0	17	0	0	0	0	0	88	0	324	212	95	187	30	0	0
Harryflintia	0	0	0	0	0	0	0	0	0	0	0	0	0	0	0	0	0	0	0	0	0	0	16	0	0	0	0	0	0	0	0	0	0	0	0	0	0	0	0	0	0	0	0	0	0	0	0	0	0	0	0	0
Hydrogenoanaerobacterium	7	0	27	0	0	0	13	0	0	0	0	0	0	0	0	0	0	0	0	14	0	0	0	0	0	55	0	0	0	0	0	0	0	0	0	0	0	0	0	0	0	0	0	0	0	24	0	0	0	0	0	0
Intestinimonas	108	101	291	0	0	0	204	0	0	25	7	0	84	35	17	95	0	28	20	17	175	0	28	42	0	55	106	40	22	0	7	159	144	21	0	11	82	8	0	0	0	0	8	76	285	178	17	161	92	38	0	0
Negativibacillus	0	0	0	32	0	0	0	607	0	72	69	0	0	0	0	48	0	0	13	0	0	0	0	0	16	112	6	0	10	62	4	13	0	96	0	0	0	18	122	0	4	0	0	0	0	0	0	0	0	30	0	0
Oscillibacter	132	145	292	12	7	5	22	0	0	9	105	29	301	120	74	11	0	0	194	52	54	0	196	0	6	216	66	375	104	60	11	85	46	338	0	6	582	16	10	25	0	22	7	339	495	348	252	97	294	68	24	0
Oscillospira	0	0	8	0	0	0	86	0	0	0	0	0	15	0	0	0	0	0	10	0	0	0	0	0	0	131	7	0	0	0	0	0	0	0	7	0	166	0	0	0	0	0	0	0	8	102	0	0	40	0	0	0
Papillibacter	0	0	0	0	0	0	0	0	0	0	7	0	9	7	0	0	0	0	0	0	0	0	0	0	0	0	0	0	0	0	0	0	0	0	6	0	0	0	0	0	0	0	0	0	0	0	0	0	0	0	0	0
Phocea	0	20	0	0	0	0	0	0	0	0	0	0	0	0	0	0	0	0	0	0	0	0	0	0	0	0	0	0	0	0	0	0	0	0	0	0	0	0	4	0	0	0	0	0	0	0	0	0	0	0	0	0
Pseudoflavonifractor	0	0	0	0	0	0	0	0	0	0	24	0	0	0	0	0	0	0	0	0	0	0	0	0	0	0	0	0	0	0	0	0	0	0	0	0	0	0	0	0	0	0	0	0	0	0	0	0	0	0	0	0
Pygmaiobacter	0	0	0	0	0	0	0	0	0	0	0	0	0	0	0	0	0	0	0	0	0	0	0	0	0	0	0	0	0	0	0	0	0	0	0	0	0	0	0	0	0	0	0	0	30	0	0	0	0	0	0	0
Ruminiclostridium	0	0	41	0	0	0	0	0	0	0	0	0	16	0	0	0	0	0	0	0	0	0	0	0	0	0	0	0	0	3	0	0	0	0	0	0	0	0	0	0	0	0	0	0	0	0	0	0	0	0	0	0
Ruminiclostridium_1	0	0	0	0	0	0	0	0	0	0	0	0	0	0	0	0	3	0	0	0	0	0	0	0	0	0	0	0	0	0	0	0	0	0	0	0	0	0	0	0	0	0	0	0	0	39	0	0	0	0	0	0
Ruminiclostridium_5	271	658	546	41	665	11	361	252	58	105	90	242	121	35	63	23	42	157	6	354	537	158	198	294	434	137	145	128	54	358	245	488	0	108	1082	47	68	85	0	46	784	69	134	23	311	160	71	189	196	586	21	1436
Ruminiclostridium_6	33	0	247	451	8	0	376	51	0	16	0	5	109	291	160	263	105	401	7	342	36	234	7266	100	1804	2251	144	0	11	468	12	1449	26	0	75	703	77	0	202	0	343	0	26	1029	0	93	114	277	346	337	0	54
Ruminiclostridium_9	101	78	72	6	19	0	237	0	0	57	0	32	190	69	21	118	0	16	17	128	35	8	6	8	565	71	0	280	66	6	18	6	0	61	7	108	95	0	20	57	11	23	46	128	46	307	145	171	219	35	79	0
Ruminococcaceae_NK4A214_group	7586	31	1280	193	520	0	1410	73	0	395	3794	302	1612	1160	894	1343	0	535	282	886	239	91	3373	203	146	2750	34	0	1396	255	402	1412	391	0	33	545	15	88	215	0	318	0	0	2857	721	4625	938	211	724	4254	48	469
Ruminococcaceae_UCG.001	0	0	0	0	0	0	0	0	0	0	0	0	41	189	0	0	0	0	0	0	0	0	0	0	0	0	0	0	0	0	58	0	0	0	0	0	0	0	0	0	0	0	0	9	0	0	0	0	0	0	0	0
Ruminococcaceae_UCG.002	8440	394	5223	582	192	0	5218	37	9	149	8200	1578	4900	8898	3028	3406	9	3669	1237	2622	1388	13	3206	327	317	18839	229	558	5672	709	941	3871	380	0	718	1738	654	1174	1167	8	405	421	316	7033	5828	15093	3015	3964	3525	13869	0	143
Ruminococcaceae_UCG.003	354	270	41	88	0	0	102	0	0	40	109	52	609	436	81	34	4	21	196	62	0	7	127	13	11	664	5	351	149	10	29	168	122	0	25	86	378	23	21	0	6	31	77	1171	577	758	2579	1408	5144	294	0	31
Ruminococcaceae_UCG.004	0	0	0	0	0	0	292	0	0	0	273	74	0	0	0	0	240	0	0	602	0	0	149	0	139	0	0	0	0	0	0	0	0	73	238	0	0	68	0	0	11	0	0	0	115	0	0	0	0	0	118	116
Ruminococcaceae_UCG.005	1292	57	1793	154	98	0	1165	0	0	887	1272	433	924	2317	421	867	0	115	282	270	232	158	128	331	28	4705	307	372	2202	343	170	1849	2136	33	154	2039	128	653	463	0	1087	278	162	4526	365	3864	402	2759	706	25446	0	308
Ruminococcaceae_UCG.007	0	0	0	0	0	0	0	0	0	0	0	0	0	0	0	0	0	12	0	0	0	0	0	0	0	0	0	0	0	0	0	0	0	0	0	0	0	0	0	0	0	0	0	0	0	0	0	0	0	0	0	0
Ruminococcaceae_UCG.008	0	0	7	0	0	0	0	0	0	0	383	0	0	0	403	0	0	0	0	0	0	0	174	0	4	0	0	0	0	0	0	0	0	0	0	0	0	0	0	0	0	0	0	21	0	0	0	11	0	0	0	0
Ruminococcaceae_UCG.009	0	0	10	0	0	0	0	88	0	0	0	0	15	91	0	0	0	0	27	3	0	0	0	0	0	1665	0	0	55	34	0	61	0	0	11	7	0	0	21	0	0	0	0	33	0	121	45	0	78	0	0	0
Ruminococcaceae_UCG.010	817	0	39	38	2	3	436	0	0	0	247	120	578	840	329	125	0	316	641	167	76	0	68	101	25	1911	6	0	961	0	26	290	6	0	185	337	15	0	141	0	12	0	11	625	78	3247	1164	274	67	629	0	5
Ruminococcaceae_UCG.011	5	0	16	0	0	0	0	0	0	0	0	0	0	20	0	40	0	40	0	6	14	0	0	0	0	0	0	0	0	0	0	0	0	0	0	22	0	0	0	0	0	0	0	0	0	23	0	0	0	0	0	0
Ruminococcaceae_UCG.013	2279	0	1019	1265	2528	0	387	2471	388	96	1969	336	468	932	267	67	12	530	239	859	73	5690	47	1856	3573	226	1276	997	16	1481	202	823	418	4	1446	306	0	712	354	0	129	1897	564	829	491	1500	346	176	440	1341	0	875
Ruminococcaceae_UCG.014	15853	0	11775	9968	12647	25	12740	445	0	1053	4267	14454	1088	13164	14974	97	6	23435	6327	38764	1249	4525	11	3810	0	5295	2095	0	8354	3575	3695	4038	943	13	10294	8215	2275	2766	399	0	5514	85	2142	3970	740	14362	2188	7808	2894	7896	0	30979
Ruminococcaceae_V9D2013_group	35	0	11	0	0	0	27	0	0	0	0	0	0	42	0	0	0	0	0	0	0	0	0	0	0	0	0	0	0	0	0	0	0	0	0	12	0	0	0	0	0	0	0	19	0	0	0	0	0	0	0	0
Ruminococcus_1	636	278	394	288	152	0	626	2487	0	14	5780	360	1704	421	1112	511	3	47	1928	328	160	92	152	246	233	7364	1019	19	209	147	93	594	12395	15	365	454	3026	535	539	0	1697	1393	651	820	3593	3040	1711	5508	2927	1098	0	514
Ruminococcus_2	0	29	876	0	1520	0	32	0	379	12636	608	436	560	763	1662	371	0	3943	1879	1358	0	2409	2087	190	1600	790	5861	1394	2516	1181	771	5583	1406	120	3785	1654	9477	2216	3885	0	1015	5342	68	2784	20	839	3485	323	10987	1144	0	1148
Sporobacter	0	0	0	0	0	0	0	0	0	0	0	0	0	29	0	0	0	0	0	0	0	0	0	9	0	0	0	0	0	0	0	30	0	0	0	0	0	0	0	0	0	0	0	0	0	0	0	0	0	131	0	0
Subdoligranulum	4303	312	2450	3657	21936	22	2872	12779	5551	9875	6914	3772	2546	2175	3475	738	3844	3232	6237	2407	522	15509	2842	10437	2934	1816	109	17552	811	19310	4738	2142	424	11399	12215	1249	1818	4931	483	0	1776	1710	4508	1332	3002	1762	6354	3733	5266	2381	0	18397
Clostridiales_bacterium_DTU089	0	0	62	0	13	0	11	0	0	0	13	13	0	0	95	39	0	24	19	52	24	0	0	9	34	0	10	0	22	0	17	0	0	0	8	20	8	12	0	0	5	0	0	0	0	37	14	0	0	21	0	54
Family_XIII_UCG-001	40	136	100	0	76	0	8	3	0	14	96	10	127	10	20	8	0	0	25	104	46	0	13	5	10	28	14	20	27	0	48	18	57	0	19	14	91	9	12	0	33	65	0	84	492	0	25	90	9	116	0	35
Clostridia_bacterium_UC5.1-2E3	0	0	0	0	0	0	0	0	0	0	0	0	0	0	0	0	0	0	0	0	0	0	0	0	25	0	0	0	0	0	63	0	0	0	0	0	0	39	0	0	0	0	0	0	0	0	0	0	0	0	195	0
Asteroleplasma	0	0	0	0	0	0	0	0	0	0	0	0	0	5	0	0	0	0	14	0	0	0	0	0	0	0	0	0	0	0	0	2	0	0	0	0	0	0	0	0	0	0	0	0	0	0	0	11	0	0	0	0
Candidatus_Stoquefichus	0	0	0	0	0	0	0	0	0	0	0	0	0	0	0	0	0	0	0	0	0	0	0	0	0	0	0	0	0	0	3	0	0	0	0	0	0	0	0	0	0	0	0	0	0	0	0	0	0	0	0	0
Catenibacterium	0	47	0	3173	0	0	0	0	0	243	229	0	0	0	0	0	0	0	0	13	633	0	0	0	0	110	0	0	0	0	0	11	0	0	0	0	0	0	1174	0	0	226	0	440	0	0	0	0	0	0	0	0
Coprobacillus	0	0	0	0	0	0	66	6	0	0	0	0	0	0	0	0	3	0	0	0	0	0	52	0	0	0	0	0	0	0	0	87	0	0	0	0	0	0	0	0	0	0	0	0	0	0	0	0	0	0	0	0
Dielma	0	0	9	0	0	0	0	0	0	15	0	0	0	0	0	0	0	0	0	0	11	0	0	0	0	0	0	0	0	0	0	0	0	6	0	0	3	0	0	0	0	0	0	0	0	0	0	0	0	0	0	0
Erysipelatoclostridium	5	14	0	0	245	0	0	10	14	578	0	46	0	31	0	0	42	59	3	223	0	37	58	7	5	41	183	0	16	0	0	0	18	5	0	0	0	0	0	195	26	0	43	0	0	22	0	0	0	0	36	18
Erysipelotrichaceae_UCG.003	413	3	230	164	2010	3	8	420	717	2850	163	806	138	41	968	525	8201	222	362	2515	811	1842	0	616	2272	111	0	105	185	100	30	1805	103	437	238	72	74	227	60	0	364	11	761	165	1345	134	17	235	37	389	1890	576
Erysipelotrichaceae_UCG.004	0	0	0	0	0	0	0	0	0	0	0	6	0	0	8	0	0	0	6	0	0	0	0	0	0	0	0	0	0	0	0	0	0	0	0	0	0	0	0	0	0	0	0	0	0	0	26	0	0	0	0	0
Erysipelotrichaceae_UCG.006	0	0	0	0	0	0	0	0	0	0	0	0	0	0	0	0	0	0	0	2	0	0	0	0	0	0	0	0	0	0	0	0	0	0	0	0	0	2	28	0	0	0	0	0	0	0	0	0	0	0	0	0
Faecalitalea	0	0	0	0	0	0	0	0	6	108	0	0	0	0	0	0	0	0	0	0	0	0	0	0	12	0	0	0	0	0	8	0	0	0	0	15	0	0	0	0	0	0	0	0	0	6	0	0	0	0	15	0
Holdemanella	9857	494	0	2062	0	0	0	0	0	2388	551	0	0	373	3	512	0	0	1056	0	1042	0	0	17755	0	268	0	0	0	0	0	12	0	6	422	0	0	0	2762	0	0	154	5	62	2	0	137	0	0	773	0	0
Holdemania	0	21	6	0	40	0	14	2	0	42	12	5	8	6	0	6	14	7	3	3	0	0	0	0	8	7	28	19	6	0	7	11	6	41	0	0	0	46	0	0	2	3	0	0	8	0	0	7	0	15	20	3
Merdibacter	0	0	0	0	0	0	0	0	0	0	0	0	0	0	0	0	0	0	0	0	0	0	0	0	0	4	0	0	0	0	4	0	0	0	0	0	0	0	0	0	0	0	0	0	0	0	0	0	0	0	0	0
Solobacterium	0	0	0	7	10	0	0	0	31	5	0	0	0	0	0	0	61	0	191	9	329	20	0	0	0	239	0	0	0	0	0	0	0	0	474	531	10	5	276	4	0	0	0	48	0	8	15	0	0	0	0	0
Turicibacter	0	0	5	0	153	29	1558	118	16	0	159	406	0	31	25	6	10	6	41	43	6	5816	0	2032	453	0	49	59	0	8	0	559	65	0	9	0	0	43	0	0	0	6	0	0	48	55	63	0	0	90	0	60
Firmicutes_bacterium_CAG.56	64	0	0	124	146	0	0	153	0	0	311	65	122	133	0	59	1306	11	0	55	0	165	0	8	53	950	0	0	48	87	21	55	13	0	17	43	0	10	0	23	815	360	606	80	81	357	55	0	81	96	0	506
Acidaminococcus	0	948	0	0	0	0	0	0	0	0	0	0	0	0	0	0	0	0	0	0	0	0	0	0	0	0	0	0	0	0	0	0	0	4211	0	0	0	0	0	0	0	0	0	0	0	0	827	0	0	0	0	0
Phascolarctobacterium	1699	6966	1896	2019	61	18	4375	463	0	751	572	197	402	2079	409	797	10	234	257	95	526	19	3127	4	24	1454	249	24557	42	6711	1331	275	918	10566	15	27	14	622	56	2924	3	0	4491	5617	0	2809	1521	12066	14941	65	0	50
Succiniclasticum	0	0	0	0	0	0	0	0	0	0	0	0	0	0	0	0	0	0	0	0	0	0	0	0	0	0	0	0	7430	0	0	0	0	0	0	0	0	0	0	0	0	0	0	0	0	0	0	0	0	0	0	0
Allisonella	43	35	0	40	0	0	0	39	0	109	0	0	0	0	0	32	0	0	7	12	0	19	0	0	0	18	0	0	0	0	394	0	0	155	0	0	0	38	35	785	13	218	0	0	54	0	83	0	0	0	0	0
Anaeroglobus	0	0	0	0	0	0	0	0	0	0	0	0	0	0	0	0	0	0	0	0	0	0	0	0	0	0	0	0	0	0	0	0	0	0	0	0	0	0	0	0	0	3	0	0	0	0	0	0	0	0	0	0
Dialister	0	16	1752	0	3566	13	15	2240	59	21	6795	0	7815	4037	1391	2680	0	716	5	524	0	89	11	149	1779	7899	8756	506	16	15125	15412	79	0	0	80	668	15981	0	1922	0	2362	3899	53	542	1720	4497	3088	14	0	3469	33237	396
Megamonas	0	0	0	147	0	0	0	0	0	844	0	0	0	0	0	0	0	0	0	0	0	0	0	0	0	0	0	0	0	0	0	0	0	6	0	31	0	47	0	0	0	1484	0	0	0	0	0	0	0	0	0	0
Megasphaera	0	0	0	0	4	0	0	6378	0	0	0	0	0	0	0	166	0	0	0	0	0	0	0	0	0	0	0	40	2	0	172	8	0	12357	6	0	0	0	498	176	11	36	182	4	0	0	3235	0	0	0	20	0
Mitsuokella	0	0	0	0	0	0	0	0	0	0	0	0	72	0	7	35	0	0	0	0	0	0	0	0	0	0	0	0	0	0	0	0	0	609	0	0	0	0	120	0	0	23	0	0	0	0	0	0	0	0	0	0
Negativicoccus	0	6	0	0	0	0	0	0	0	0	0	0	0	0	0	0	0	0	0	0	0	0	0	0	0	0	0	0	0	0	0	4	0	0	0	0	0	0	0	0	0	0	0	0	0	0	0	0	0	0	0	0
Selenomonas_3	0	0	0	0	0	0	0	0	0	0	0	0	0	0	0	0	0	0	0	0	0	0	0	0	0	0	0	0	0	0	0	0	0	0	0	0	0	0	0	4	0	0	0	0	0	0	0	0	0	0	11	0
Veillonella	13	103	27	444	86	0	9	385	1625	39	65	27	521	79	44	14	57	42	335	11	5	254	22	27	31	43	733	346	732	112	1086	2125	501	120	7209	30	130	34	556	513	126	1899	20436	359	12	99	601	561	199	17	3109	83
Cetobacterium	0	0	0	0	0	0	0	0	24389	0	0	0	0	0	0	0	0	0	0	0	0	0	0	0	0	0	0	0	0	0	0	0	0	0	0	0	0	0	0	0	0	0	0	0	0	0	0	0	0	0	0	0
Fusobacterium	0	0	0	0	0	101	0	0	241	4	0	0	0	0	0	0	30	0	0	0	39	9	0	5	0	0	0	41	0	0	13	0	0	232	0	0	0	0	0	233	0	0	14	0	0	0	4	0	0	0	172	0
Leptotrichia	0	0	0	0	0	0	0	0	0	0	0	0	16	0	0	0	0	0	0	0	0	0	0	0	0	0	0	0	0	0	0	0	0	0	0	2	0	0	0	0	0	0	0	0	0	0	0	0	0	0	16	0
Streptobacillus	0	0	0	0	0	0	0	0	0	0	0	0	0	0	0	0	0	0	0	0	14	0	0	0	0	0	0	0	0	0	0	0	0	0	0	0	0	0	0	0	0	0	0	0	0	0	0	0	0	0	0	0
Victivallis	0	0	0	0	0	0	6	0	0	0	0	8	0	0	42	0	0	0	0	0	0	0	0	0	0	0	0	0	4	0	0	0	0	0	0	0	0	0	0	0	0	0	0	8	0	32	23	0	6	0	0	0
Bosea	0	0	0	0	0	0	0	0	0	0	0	0	0	0	0	0	0	0	0	7	0	0	0	0	0	0	0	0	0	0	0	0	0	0	0	0	0	0	0	0	0	0	0	0	0	0	0	0	0	0	0	0
Brucella	0	0	0	0	0	0	0	0	0	0	0	0	0	0	0	0	0	0	0	13	0	0	0	0	0	0	0	0	0	0	0	0	0	0	0	0	0	0	0	0	0	0	0	0	0	0	0	0	0	0	0	0
Devosia	0	0	0	0	0	0	0	0	0	0	0	0	0	0	0	0	0	0	0	16	0	0	0	0	0	0	0	0	0	0	0	0	0	0	0	0	0	0	0	0	0	0	0	0	0	0	0	0	0	0	0	0
Hyphomicrobium	0	0	0	0	0	0	0	0	0	0	0	0	0	0	0	0	0	0	0	6	0	0	0	0	0	0	0	0	0	0	0	0	0	0	0	0	0	0	0	0	0	0	0	0	0	0	0	0	0	0	0	0
Allorhizobium.Neorhizobium.Pararhizobium.Rhizobium	0	0	0	0	48	0	0	0	0	0	0	0	0	0	0	0	0	0	0	0	0	0	0	0	0	0	0	0	0	0	0	0	0	0	0	0	0	0	0	0	0	0	0	0	0	0	0	0	0	0	0	0
Shinella	0	0	0	0	24	0	0	0	0	0	0	0	0	0	0	0	0	0	0	0	0	0	0	0	0	0	0	0	0	0	0	0	0	0	0	0	0	0	0	0	0	0	0	0	0	0	0	0	0	0	0	0
Paracoccus	0	0	0	0	0	0	0	0	0	0	4	0	0	0	0	0	0	0	0	0	0	0	0	0	0	0	0	0	0	0	0	0	0	0	0	0	0	2	0	0	0	0	0	0	0	0	0	0	0	0	0	0
Acidiphilium_sp.DBS1	0	0	0	0	0	0	0	0	0	0	0	0	0	0	0	0	0	0	0	0	0	0	0	0	0	0	0	0	0	0	0	0	0	0	0	0	0	0	0	0	0	0	0	0	0	0	0	0	0	0	55	0
Porphyrobacter	0	0	0	0	0	0	0	0	0	0	0	0	0	0	0	0	0	0	0	0	0	0	0	0	0	0	0	0	0	0	0	0	0	0	0	0	0	0	0	0	0	0	0	0	0	0	0	0	0	0	11	0
Sphingobium	0	0	0	0	6	0	0	0	0	0	0	0	0	0	0	0	0	0	0	0	0	0	0	0	0	0	0	0	0	0	0	0	0	0	0	0	0	0	0	0	0	0	0	0	0	0	0	0	0	0	0	0
Sphingomonas	0	0	0	0	8	0	0	0	0	0	0	0	0	0	0	0	0	0	0	5	0	0	0	0	0	0	0	0	0	0	0	0	0	0	0	0	0	0	0	0	0	0	0	0	0	0	0	0	0	0	0	0
Sphingopyxis	0	0	0	0	0	0	0	0	0	0	0	0	0	0	0	0	0	0	0	2	0	0	0	0	0	0	0	0	0	0	0	0	0	0	0	0	0	0	0	0	0	0	0	0	0	0	0	0	0	0	0	0
Achromobacter	0	0	0	0	0	0	0	0	0	0	0	0	0	0	0	0	0	0	0	60	0	0	0	0	0	0	0	0	0	0	0	0	0	0	0	0	0	0	0	0	0	0	0	0	0	0	0	0	0	0	0	0
Parasutterella	0	144	0	0	339	0	17	4	0	0	2	0	14	5	0	6	14	21	106	0	0	53	53	2	48	207	56	17	5	0	19	10	0	5	0	49	1661	11	0	5697	17	4	19	0	0	380	4655	50	3750	0	67	0
Sutterella	0	1020	265	0	127	0	39	6	0	69	37	32	302	4	3	0	0	47	34	25	33	0	0	0	155	206	7	186	54	111	23	165	7	33	117	52	3322	0	25	14	8	58	2276	259	11	431	8819	265	3203	32	22	0
Acidovorax	0	0	0	0	0	0	0	0	0	0	0	0	0	0	0	0	0	0	0	21	0	0	0	0	0	0	0	0	0	0	0	0	0	0	0	0	0	0	0	0	0	0	0	0	0	0	0	0	0	0	0	0
Delftia	0	0	0	0	0	0	0	0	0	0	0	0	0	0	0	0	0	0	0	57	0	0	0	0	0	0	0	0	0	0	0	0	0	0	0	0	0	0	0	0	0	0	0	0	0	0	0	0	0	0	0	0
Hydrogenophaga	0	0	0	0	0	0	0	0	0	0	0	0	0	0	0	0	0	0	0	4	0	0	0	0	0	0	0	0	0	0	0	0	0	0	0	0	0	0	0	0	0	0	0	0	0	0	0	0	0	0	0	0
Oxalobacter	0	7	4	0	0	0	45	0	0	0	171	0	34	24	5	0	0	8	0	0	76	0	0	7	0	57	0	5	18	0	0	0	0	0	0	25	0	0	0	0	0	0	0	0	0	0	60	0	0	0	0	0
Eikenella	0	0	0	0	0	0	0	0	0	0	0	0	0	0	0	0	0	0	0	0	0	0	0	0	0	0	0	0	0	0	0	0	0	0	0	0	0	0	0	0	0	0	19	0	0	0	0	0	0	0	0	0
Neisseria	0	0	0	0	0	0	0	0	11	0	0	0	0	0	0	0	0	0	0	0	0	0	0	0	0	0	6	0	0	0	30	0	0	0	0	0	0	0	0	0	0	0	11	0	0	0	4	9	0	0	0	0
Bilophila	69	368	110	135	45	0	18	0	0	47	0	8	248	143	5	0	0	14	17	22	5	0	37	0	12	102	77	1522	82	148	285	53	36	8	0	34	0	27	22	109	14	16	148	133	820	172	177	14	246	189	0	0
Desulfovibrio	651	8	150	999	0	0	0	19	5	2293	599	0	0	353	13	0	0	0	0	8	213	0	600	2	169	0	0	9	0	1927	1411	8	0	0	0	6	0	0	327	0	11	0	0	1615	0	0	8	0	1750	1688	0	0
Campylobacter	0	0	5	0	0	0	0	0	0	0	0	0	0	0	0	0	3	0	0	0	0	0	0	0	0	3	0	0	4	0	0	2	0	0	0	0	0	0	0	0	0	0	0	0	0	50	18	2	0	0	0	0
Helicobacter	0	0	0	0	0	0	0	0	0	0	0	0	0	0	0	0	11	0	0	0	0	0	0	0	0	0	0	0	0	0	0	0	0	0	0	0	0	0	0	0	0	0	0	0	0	0	0	0	0	0	0	0
Anaerobiospirillum	0	0	0	0	0	0	0	0	0	0	0	0	0	0	0	0	0	0	0	0	17	0	0	0	0	0	0	0	0	0	0	0	0	0	0	0	0	0	0	0	0	0	0	0	0	0	0	0	0	0	0	0
Succinivibrio	0	0	0	54	0	0	0	0	0	0	0	0	0	0	0	0	0	0	0	0	22	0	0	0	0	0	0	0	0	0	0	0	0	0	0	0	0	0	111	0	0	0	0	0	1277	0	0	0	0	0	251	0
Citrobacter	0	0	0	0	436	0	0	0	0	0	0	0	0	55	0	0	0	0	0	0	0	0	0	0	41	0	0	0	0	0	0	0	93	0	1285	0	53	0	76	21	0	0	514	65	0	0	448	0	0	0	89	0
Enterobacter	0	0	0	0	0	0	0	0	0	0	180	0	0	0	0	0	0	0	0	0	0	0	0	0	0	0	0	0	0	0	0	0	0	0	0	0	0	0	0	0	0	0	0	0	0	0	0	0	0	0	0	0
Escherichia.Shigella	3041	233	7862	320	1164	1369	1645	557	15727	2977	285	25	497	5577	34	12274	4417	740	115	212	5021	904	1739	73	1587	452	17	399	1167	9605	8725	4904	1405	16862	428	205	399	57	3286	1477	64	6887	476	15698	353	115	4834	68	76	212	4256	289
Klebsiella	12	0	23	0	199	0	0	87	0	0	1862	160	0	0	0	1459	578	26	0	63	0	43	11	0	0	30	14	0	0	217	459	508	448	583	257	0	0	33	0	0	0	76	233	1042	0	39	751	2822	397	210	3829	0
Pseudocitrobacter	0	0	0	0	0	0	0	0	0	0	0	0	0	0	0	0	2	0	0	0	0	0	0	0	0	0	0	0	0	0	0	0	0	0	0	0	0	0	0	0	0	0	0	0	0	0	0	0	0	0	0	0
Raoultella	0	30	0	0	0	0	0	0	0	0	0	0	0	0	0	0	38	0	0	0	0	0	0	0	0	0	0	0	0	0	0	0	0	0	0	0	0	0	0	0	0	0	0	0	0	0	0	0	0	0	0	0
Salmonella	0	0	0	0	0	0	0	0	0	0	491	0	0	0	0	0	0	0	0	0	0	0	0	0	0	0	0	0	0	0	0	0	0	0	0	0	0	0	0	0	0	0	0	0	0	0	0	0	0	0	0	0
Serratia_ATCC.39006	0	0	0	0	0	0	0	0	0	0	0	0	0	0	0	0	0	0	0	0	3	0	0	0	0	0	0	0	0	0	0	0	0	0	0	0	0	0	0	2	0	0	0	0	0	0	0	0	0	0	0	0
Actinobacillus	0	0	0	73	0	0	0	54	25	0	0	0	0	0	0	0	0	0	0	0	0	0	0	0	0	0	0	0	0	0	0	0	37	0	0	0	0	0	0	0	0	0	31	0	0	0	0	0	0	0	19	0
Haemophilus	0	112	0	4447	24	0	0	2498	724	8	791	78	406	0	15	4	9009	4	37	13	0	1527	0	10	212	9	5772	31	159	74	727	1634	0	93	4772	56	60	38	1941	389	428	13415	2951	172	0	10	1662	1485	170	0	299	130
Necropsobacter	0	0	0	2	0	0	0	0	0	0	0	0	0	0	0	0	0	0	0	0	0	0	0	0	0	0	0	0	0	0	0	0	0	0	0	0	0	0	0	0	0	0	0	0	0	0	0	0	0	0	0	0
Acinetobacter	0	0	0	0	0	0	0	0	0	0	33	0	0	0	0	0	0	0	0	0	0	0	0	0	0	0	0	0	0	0	0	0	0	0	6	0	0	0	0	0	0	0	0	0	0	0	0	0	0	0	6	0
Pseudomonas	0	0	0	0	0	0	0	0	0	0	0	0	0	0	0	0	0	0	0	0	0	0	13	0	37	0	0	0	0	0	0	5	0	0	0	0	0	0	0	0	0	78	0	0	0	0	0	0	0	0	0	0
Pseudoxanthomonas	0	0	0	0	2	0	0	0	0	0	0	0	0	0	0	0	0	0	0	0	0	0	0	0	0	0	0	0	0	0	0	0	0	0	0	0	0	0	0	0	0	0	0	0	0	0	0	0	0	0	0	0
Thermomonas	0	0	0	0	0	0	0	0	0	0	0	0	0	0	0	0	0	0	0	0	0	0	0	0	0	0	0	0	0	0	0	0	0	0	0	0	0	0	0	0	0	0	0	0	0	0	0	0	0	0	8	0
Candidatus_Saccharimonas	0	0	0	0	0	0	0	0	0	0	0	0	0	3	0	0	0	0	0	0	0	0	0	0	0	0	0	0	0	0	7	0	0	0	0	0	0	0	0	0	0	0	0	0	0	0	0	2	0	0	0	0
Cloacibacillus	57	0	0	0	0	0	0	0	0	0	0	0	0	8	0	0	0	0	0	0	0	0	7	0	0	0	0	17	0	0	5	0	0	0	0	0	0	0	0	0	0	0	0	0	0	0	12	0	0	0	0	0
Pyramidobacter	0	0	0	0	0	0	0	0	0	0	36	0	0	0	0	0	0	0	0	0	0	0	0	0	0	0	0	0	0	0	0	0	0	0	0	0	0	0	0	0	0	0	0	0	0	0	0	0	3	0	0	0
Anaeroplasma	0	0	0	0	0	0	0	0	0	0	0	104	0	9	0	0	0	0	12	0	0	0	0	8	0	3	0	0	0	0	0	3	0	0	0	0	0	0	0	0	0	0	13	0	0	0	940	0	0	0	0	0
Akkermansia	29905	0	1222	0	81	22075	41213	159	7	634	0	319	4918	61	26	0	506	39742	123	2587	3596	2076	37101	182	56	707	22451	15	0	760	39	378	0	10	59	15672	6	999	0	3333	476	17	51	1090	0	10359	6310	770	17	0	14	387
Distigma	0	0	0	0	0	0	0	0	0	0	0	0	0	0	0	0	5	0	0	0	0	0	0	0	0	2	0	0	0	0	0	0	0	0	0	0	0	0	0	0	0	0	0	0	0	0	0	0	0	0	0	0
