	sample_30170	sample_30381	sample_30383	sample_30394	sample_30398	sample_30418	sample_30433	sample_30460	sample_30467	sample_30516	sample_30518	sample_30580	sample_30585	sample_30587	sample_30675	sample_30696	sample_30709	sample_30741	sample_30753	sample_30799	sample_30804	sample_30814	sample_30835	sample_30843	sample_30855	sample_30862	sample_30917	sample_30950	sample_30956	sample_30957	sample_30958	sample_30964	sample_30968	sample_30974	sample_30994	sample_31024	sample_31025	sample_31054	sample_31088	sample_31096	sample_31119	sample_31174	sample_31206	sample_31209	sample_31241	sample_31246	sample_31263	sample_31267	sample_31316	sample_31387	sample_31388	sample_31394	sample_31399	sample_31412	sample_31413	sample_31457	sample_75024
Methanobrevibacter	8	14	32893	0	5804	0	15205	3329	0	1054	0	8	0	0	0	0	0	2166	0	11251	7	0	229	14	19	5	7776	54	0	0	7	2713	0	5	32	0	12164	4	8901	0	0	0	0	2637	129	11585	19337	1117	4	0	37	51	0	7548	233	3	11678
Methanosphaera	0	0	0	0	0	0	0	150	592	0	0	0	0	0	0	0	0	17	0	202	0	0	0	0	0	0	238	0	0	0	0	0	0	0	0	0	0	0	312	0	0	0	0	47	0	0	0	0	0	0	0	0	0	0	0	0	0
Actinomyces	0	47	490	62	8	11	219	38	55	0	8	21	61	23	5	9	15	106	173	249	14	10	16	13	7	0	16	0	0	47	13	30	6	41	11	198	9	60	14	45	3	0	17	3	0	0	7	17	68	59	23	17	46	0	23	0	116
Actinomyces_sp._oral_taxon_848_str.F0332	0	0	0	0	0	0	0	0	0	0	0	9	0	0	0	0	0	0	0	0	0	0	0	0	0	0	0	0	0	3	0	0	0	0	0	0	0	0	0	0	0	0	0	0	0	0	0	0	0	0	0	0	0	0	0	0	0
Mobiluncus	0	0	0	0	0	0	0	0	2	0	0	0	0	0	0	0	0	8	0	0	0	0	2	0	0	0	0	0	0	0	0	0	0	0	0	0	0	0	0	0	0	0	0	0	0	0	0	0	0	0	0	0	0	0	0	0	0
Alloscardovia	0	0	0	0	0	0	0	0	0	0	0	0	0	0	0	0	0	6	5	0	0	0	0	0	0	0	0	0	0	0	0	0	0	0	0	0	0	0	0	0	0	0	0	0	0	0	0	0	0	10	0	0	0	0	0	0	0
Bifidobacterium	3229	551	5533	8731	0	6410	1724	11066	1092	264	1885	7566	4789	12864	0	46	0	2277	12313	1794	1251	8386	4984	1869	278	216	2552	697	1801	722	7	112	166	4500	22	12	461	612	115	501	954	11	3150	97	2194	13966	0	350	1588	1092	1260	513	126	1780	29	51	27
Gardnerella	0	227	0	0	0	0	0	0	0	0	0	0	0	0	0	0	0	0	0	0	0	0	0	0	0	0	0	0	0	0	0	0	0	0	0	0	0	0	0	0	0	0	0	0	0	0	0	0	0	0	0	0	0	0	0	0	0
Parascardovia	0	0	13	0	0	0	0	0	0	0	0	0	0	0	0	0	0	0	0	0	0	0	0	0	0	0	0	0	0	0	0	0	0	0	0	0	0	0	0	0	0	0	0	0	0	0	0	0	0	0	0	0	0	0	0	0	0
Scardovia	0	8	369	9	0	7	0	0	5	0	0	0	11	0	0	0	0	7	0	5	0	0	0	0	0	0	0	0	0	0	0	0	0	0	0	0	0	0	0	13	0	0	0	0	0	0	0	0	0	0	0	0	0	0	0	0	2
Corynebacterium	0	0	15	0	5	0	0	2	0	0	0	2	0	0	0	0	0	0	0	0	0	0	0	0	0	0	0	0	0	0	0	3	0	0	2	0	0	0	0	0	0	0	0	0	0	0	0	0	0	2	0	0	0	0	0	0	9
Corynebacterium_1	0	0	0	0	2	0	0	0	0	0	0	0	0	0	0	0	0	11	0	0	0	0	0	0	0	0	0	0	0	0	0	0	0	0	0	0	0	0	0	0	0	0	0	0	0	0	0	0	0	0	0	0	0	0	0	0	0
Lawsonella	0	0	0	0	0	0	0	0	0	0	0	0	0	0	0	0	0	0	0	0	0	0	0	0	0	0	2	0	0	0	0	0	0	0	0	0	0	0	0	0	0	0	0	0	0	0	0	0	0	0	0	0	0	0	0	0	0
Kocuria	0	0	0	0	0	0	0	0	0	0	0	0	0	0	0	0	0	0	0	0	0	0	0	0	0	0	0	0	0	0	0	0	0	0	0	0	0	0	0	0	0	0	0	0	0	0	0	0	0	0	0	0	0	0	2	0	0
Rothia	10	0	125	11	0	5	5	0	92	0	18	9	102	18	0	16	21	247	239	11	0	0	0	7	0	0	8	0	0	0	0	12	0	0	0	23	0	32	0	43	6	0	0	7	0	19	0	36	0	0	6	0	11	3	0	17	56
Cutibacterium	0	0	0	0	0	9	0	0	0	0	0	0	0	0	6	0	3	0	0	0	0	0	0	0	0	0	0	0	0	0	0	0	0	0	0	0	0	0	0	0	0	0	0	0	0	0	0	0	0	0	0	0	0	0	0	0	0
Propionibacterium	0	5	91	0	0	0	0	0	0	0	0	0	0	0	0	0	0	0	0	0	0	0	0	0	0	0	9	0	0	0	0	0	0	0	0	0	0	0	0	0	0	0	0	0	0	0	0	0	0	0	0	0	0	0	0	0	0
Pseudopropionibacterium	0	0	0	0	0	0	0	0	0	0	0	0	0	0	0	0	0	0	0	0	0	0	0	0	0	0	0	0	0	0	0	0	0	0	0	0	0	0	0	0	0	0	0	0	0	0	0	0	0	0	0	0	4	0	0	0	0
Libanicoccus	0	0	0	0	175	0	125	0	0	8	0	0	0	0	0	0	0	247	0	0	0	0	0	0	0	0	0	0	0	0	0	0	0	0	0	0	0	0	0	0	0	0	0	0	0	0	0	0	0	0	0	0	0	246	0	0	0
Adlercreutzia	0	0	0	208	0	97	76	71	269	0	0	86	0	17	0	0	0	0	0	51	49	416	0	286	65	10	0	13	0	0	10	0	0	0	20	0	0	0	135	10	0	0	60	67	0	0	0	0	7	0	86	0	20	43	61	0	19
Atopobium	0	7	104	8	0	64	26	2	9	0	5	3	48	0	0	0	11	66	130	33	0	5	10	8	0	0	0	0	0	10	0	8	47	5	2	20	0	0	11	5	2	0	0	0	12	5	0	12	7	9	0	0	4	34	0	0	4
Collinsella	2002	5646	11761	2965	346	1353	9574	6049	2324	126	3277	1081	1301	453	0	103	0	2842	2917	18692	907	1302	3024	100	814	947	1293	1537	0	3	2825	261	139	8716	11	1928	2228	2431	1309	205	205	1059	167	682	0	1135	3561	677	3847	1261	1100	2621	4741	1657	55	260	5677
Cryptobacterium	0	0	17	0	0	0	0	0	0	0	0	0	30	0	0	0	0	0	0	0	0	0	0	0	0	0	0	0	0	0	0	0	0	0	0	0	0	0	0	0	0	0	0	0	0	0	0	0	0	0	0	0	0	0	0	0	0
Eggerthella	0	211	7	0	0	5	0	32	94	0	0	19	15	0	3	0	0	0	0	0	21	312	18	149	32	0	0	0	43	182	356	0	103	0	0	0	0	111	91	4	0	0	37	15	0	0	0	6	75	0	0	13	0	0	11	0	0
Enorma	0	0	0	0	0	0	0	0	0	0	0	59	0	0	0	0	0	0	0	0	0	0	0	0	0	0	0	0	0	0	0	0	0	0	0	0	0	0	0	0	0	0	0	0	0	0	0	0	0	0	0	0	0	0	0	0	0
Enterorhabdus	1416	0	4357	0	4370	0	1823	0	0	0	0	5	0	0	0	0	0	504	312	0	0	1084	0	7	11	0	52	0	0	0	0	0	0	0	0	425	0	0	0	7	0	108	0	0	0	0	0	0	0	0	0	0	135	124	8	0	16
Gordonibacter	13	125	36	175	0	289	10	3	87	0	4	55	4	37	8	0	0	0	0	68	154	6	49	210	24	0	0	7	0	0	66	0	0	13	32	0	42	98	14	33	6	0	6	6	12	18	9	20	22	12	49	0	0	0	19	0	13
Parvibacter	0	0	0	0	0	0	0	0	0	0	0	0	0	0	0	0	0	0	0	0	0	0	0	0	0	0	0	0	0	0	0	0	0	0	0	0	18	0	0	0	0	0	0	0	0	0	0	0	0	0	0	0	0	0	0	0	0
Senegalimassilia	160	978	2734	0	2595	0	756	0	0	14	0	0	0	0	0	60	0	686	626	2688	0	0	0	0	0	116	337	0	0	0	0	28	0	414	0	0	29	2051	0	0	0	53	0	0	0	0	0	0	0	0	0	0	257	560	0	67	1790
Slackia	2070	0	44	0	296	0	0	0	0	11	31	357	0	6	0	163	0	657	4	1192	2550	0	0	0	74	107	0	0	0	0	0	29	5	0	0	0	165	585	0	508	0	0	0	183	24	0	0	104	0	233	113	0	31	121	85	655	829
unclassified_Coriobacteriaceae_CHKCI002	0	0	0	0	0	0	0	0	0	0	0	0	0	0	0	0	0	0	0	0	0	0	0	31	0	0	0	0	0	0	0	0	0	0	0	0	0	0	0	0	0	0	0	0	0	0	0	0	0	0	0	0	0	0	0	0	0
Coriobacteriales_bacterium_DNF00809	18	0	71	20	236	76	56	47	32	0	0	0	19	0	0	0	0	0	0	42	16	0	0	24	10	0	0	7	0	0	6	0	0	0	0	0	11	0	16	5	0	0	0	0	0	0	0	0	0	0	0	27	12	14	40	0	23
Raoultibacter	0	0	10	10	0	0	8	0	13	0	0	19	0	0	0	0	0	0	0	8	0	0	0	0	0	0	0	0	0	0	15	0	0	0	0	0	0	0	0	0	0	0	0	0	7	0	0	0	0	0	0	0	0	0	0	0	7
Bacteroides	2696	52788	3477	33140	181	2404	890	7081	1126	3000	14391	21772	18417	20322	641	272	11	582	313	486	3772	27201	7715	663	2229	5147	17922	40385	28476	10615	25194	973	28722	10743	13437	1104	735	29421	641	2939	21446	3478	30257	4265	29915	6491	6997	8018	33763	64928	59556	84063	32914	17125	56047	18873	30729
Phocaeicola	0	0	0	0	0	0	0	0	11	0	0	0	3	0	0	0	0	0	0	0	0	0	0	0	0	0	0	0	0	0	0	0	6	0	0	0	0	0	0	0	0	0	0	0	0	0	0	0	0	0	0	0	0	0	0	0	0
Muribaculum	0	0	0	0	0	0	0	0	0	0	0	0	0	0	0	0	0	0	0	0	0	0	0	0	0	0	0	0	0	0	0	0	0	0	0	0	0	63	0	0	0	0	0	0	0	0	0	0	0	0	0	0	0	0	0	0	0
Barnesiella	276	1820	127	302	31	275	6	47	12	204	748	96	0	522	74	0	0	6	12	0	0	0	68	49	65	342	66	0	0	0	0	35	0	160	0	0	75	0	0	87	244	233	1129	0	0	87	511	25	194	0	344	0	1012	913	0	1895	115
Butyricimonas	0	0	0	30	6	13	6	24	0	14	12	46	2	33	3	0	0	0	0	960	91	78	0	0	0	33	189	0	0	0	81	0	0	19	139	0	0	0	0	0	106	6	239	199	70	27	26	33	8	223	242	51	384	143	208	39	18
Coprobacter	0	0	0	8	0	9	0	0	0	4	37	13	0	0	0	0	0	0	0	0	0	16	0	3	0	14	0	30	48	15	0	0	0	0	0	0	5	0	0	0	44	0	72	14	0	54	418	0	133	220	67	5	74	3	0	0	37
Odoribacter	125	0	35	140	6	79	15	55	6	16	129	109	6	162	0	0	0	0	0	0	53	37	22	16	66	19	140	0	66	16	194	0	0	44	269	0	52	101	0	63	234	64	126	0	82	28	56	75	28	462	1486	332	804	2320	1341	343	230
Parabacteroides	1008	3803	208	560	45	172	254	107	25	112	406	301	2739	280	0	44	0	107	6	25	729	741	3295	76	3	389	932	1309	1860	0	455	114	0	279	457	139	69	1984	162	0	683	112	845	534	2137	600	264	928	514	3506	1594	2939	3021	1633	3023	1051	2085
Porphyromonas	0	0	2	0	2	10	0	0	33	0	117	10	276	26	0	0	0	136	0	0	18	5	334	17	0	0	0	46	0	0	0	0	0	0	66	0	0	0	0	0	0	0	0	0	12	31	0	8	0	34	7	0	0	0	0	0	9
Proteiniphilum	0	0	0	0	0	0	0	0	0	0	0	0	0	0	0	0	0	0	0	0	0	0	0	0	0	0	0	0	0	0	0	0	0	0	0	0	0	0	0	0	0	0	0	0	0	0	0	0	0	0	0	42	0	0	0	0	0
Sanguibacteroides	0	0	0	0	0	0	0	0	0	0	0	0	0	0	0	0	0	0	0	0	0	0	0	0	2	0	34	0	0	0	0	0	0	0	0	0	0	0	0	0	0	0	0	0	0	0	0	0	0	0	0	0	36	46	0	0	7
Alloprevotella	0	0	0	0	263	0	192	0	0	4	0	0	3	0	0	922	0	2438	0	503	461	0	0	0	0	0	0	0	0	0	0	28	0	0	5208	3173	0	0	140	0	0	0	0	0	0	0	0	0	0	0	0	0	0	0	0	0	0
Paraprevotella	388	0	61	533	11	162	191	105	14	0	1719	275	1062	0	0	14	0	433	0	6	157	0	169	257	70	152	701	0	0	0	39	10	0	200	653	0	148	0	21	0	4431	34	0	0	0	100	577	46	3	552	0	2272	638	199	0	570	0
Prevotella	5	171	10	0	8	31	0	0	0	5	0	6	513	0	0	0	0	45	0	0	39	0	198	10	0	14	11	37	6	11	0	0	289	0	14	0	0	7	0	0	0	0	0	0	26	0	0	0	8	32	0	0	0	0	0	4	66
Prevotella_2	0	0	0	0	4	0	178	0	1057	0	0	0	1982	0	0	0	0	62	0	27	2149	0	0	0	0	0	0	0	0	0	0	25	0	0	6170	8684	243	0	23	0	0	0	0	1210	0	0	0	2150	0	0	0	0	0	0	0	0	0
Prevotella_6	0	4	0	0	0	0	0	2	0	0	0	14	2754	14	0	0	0	111	0	0	0	0	15	0	2	0	0	0	0	0	0	0	0	0	69	3	0	0	0	0	0	0	19	0	18	0	0	0	0	30	20	0	0	6	0	0	0
Prevotella_7	0	0	143	0	0	0	0	432	74	0	0	0	0	0	0	183	0	0	0	0	17	0	6	0	29	0	0	0	0	0	0	0	15	5438	0	2856	0	0	0	0	0	0	0	0	0	0	0	3842	0	1265	0	8881	0	0	0	155	0
Prevotella_9	6022	24	818	73	17328	11	6189	2927	0	1209	13	24	4799	0	0	17656	0	298	1771	847	5233	0	3463	1945	14	634	5	0	20	0	40	395	10	1646	32476	8315	595	10	908	28	0	205	6	5154	0	10	0	24889	21	11180	23	28	13861	21167	19189	34770	21
Prevotellaceae_NK3B31_group	14	0	0	0	0	0	0	269	0	0	0	821	0	0	0	0	0	0	0	35	0	181	0	0	0	0	0	0	0	0	0	0	0	0	0	151	0	0	0	0	0	0	0	0	0	0	0	65	0	0	0	0	0	0	0	0	0
Prevotellaceae_UCG.001	0	0	0	0	0	0	14	0	0	0	0	0	0	0	0	0	0	0	0	0	0	0	0	0	0	0	0	0	0	0	0	0	0	0	0	0	0	0	0	0	0	666	0	0	0	0	0	0	0	0	0	0	0	0	0	0	0
Prevotellaceae_UCG.003	0	0	0	0	0	0	0	0	0	0	0	0	227	0	0	0	0	0	0	0	0	0	0	0	0	0	713	0	0	0	0	0	0	0	0	0	0	0	0	0	0	0	0	376	0	0	0	0	0	0	0	0	0	0	0	0	0
Prevotellaceae_UCG.004	0	0	0	0	0	0	0	0	0	0	0	0	0	0	0	0	0	0	0	0	0	0	0	0	0	0	0	0	0	0	0	0	0	0	0	0	0	0	27	0	0	0	0	0	0	0	0	0	0	0	0	0	0	338	0	0	0
Alistipes	1026	11028	851	1142	28	931	34	118	175	582	573	2071	296	1678	74	21	0	69	45	23	238	4826	812	367	370	768	880	1651	816	605	284	73	340	1902	114	270	448	0	175	692	1626	657	3489	19	2415	1702	2538	1214	2086	3212	11154	1415	9495	6293	11071	2386	2808
Rikenella	0	0	0	0	0	0	0	0	0	0	0	0	0	0	0	0	0	0	0	0	0	0	0	0	0	0	22	0	0	0	0	0	0	0	0	0	0	0	0	0	0	0	0	0	0	0	0	0	0	0	0	0	0	0	0	0	17
Rikenellaceae_RC9_gut_group	0	0	0	0	22	0	56	0	0	0	0	0	0	0	0	0	0	0	0	0	418	0	0	0	0	0	0	0	0	0	0	0	0	0	0	0	0	0	0	0	0	29	0	0	0	0	0	79	0	0	0	0	0	0	0	0	0
hoa5.07d05_gut_group	0	0	0	0	0	0	0	0	0	0	0	0	0	0	0	0	0	0	0	0	0	0	2	0	0	0	0	0	0	0	0	0	0	0	0	0	0	0	0	0	0	0	0	0	0	0	0	0	0	0	0	0	0	0	0	0	0
Hymenobacter	0	0	0	0	0	0	0	0	0	0	0	0	0	0	0	0	0	0	0	0	0	0	0	0	0	0	0	0	0	0	0	0	0	0	0	0	0	0	0	0	0	0	0	0	0	0	0	0	0	0	0	0	0	0	0	0	2
Chryseobacterium	0	0	0	0	0	0	0	0	0	0	0	0	0	0	0	0	0	0	0	0	0	0	0	0	0	0	0	0	0	0	0	0	0	0	0	0	0	0	0	0	0	0	0	0	0	0	0	0	0	0	65	0	0	0	0	0	0
Flavobacterium	0	0	0	0	0	0	0	0	0	0	0	0	0	0	0	0	0	0	0	0	0	0	0	0	0	0	0	0	0	0	0	0	0	0	0	0	0	0	0	0	0	0	0	0	0	0	0	0	0	0	0	0	0	0	0	5	0
Sphingobacterium	0	0	0	0	0	0	0	0	0	0	0	0	0	0	0	0	0	0	0	0	0	0	0	0	0	0	0	0	0	0	0	0	0	0	0	0	0	0	0	0	0	0	0	0	0	0	0	0	0	0	16	0	0	0	0	0	0
Flexilinea	0	0	0	0	0	0	0	0	0	0	0	0	0	0	0	0	0	2	0	0	0	0	0	0	0	0	0	0	0	0	0	0	0	0	0	0	0	0	0	0	0	0	0	0	0	0	0	0	0	0	0	0	0	0	0	0	0
Elusimicrobium	0	0	0	0	0	0	0	0	0	0	0	0	0	0	0	0	0	0	0	0	0	0	0	0	0	0	0	0	0	0	0	0	0	0	0	0	0	0	0	0	0	0	0	0	0	15	0	0	0	0	0	0	359	0	0	0	0
Anoxybacillus	0	0	0	0	0	0	0	0	0	0	0	0	0	0	0	0	0	0	0	0	0	0	0	0	0	0	0	0	0	0	0	0	0	0	0	0	0	0	59	0	0	0	0	0	0	0	0	0	0	0	0	0	0	0	0	0	0
Geobacillus	4	0	0	0	0	0	0	0	0	0	0	0	0	0	0	0	0	0	0	0	0	0	0	0	0	0	0	0	0	0	0	0	0	0	0	0	0	0	0	0	0	0	0	0	0	0	0	0	0	0	0	0	0	0	0	0	0
Exiguobacterium	0	0	0	0	0	0	0	0	0	0	0	0	0	0	0	0	0	0	0	0	6	0	0	0	0	0	0	0	0	0	0	0	0	0	0	0	0	0	0	0	0	0	0	0	0	0	0	0	0	0	0	0	0	0	0	0	0
Gemella	8	3	8	39	2	5	13	6	41	0	0	85	17	3	0	36	0	27	91	105	0	0	0	22	9	0	0	7	0	12	26	13	0	0	0	45	0	51	0	24	0	62	0	19	32	18	5	0	27	5	15	18	0	7	15	11	0
Staphylococcus	0	4	0	5	0	0	0	0	0	0	0	0	8	0	0	0	0	0	5	0	0	0	0	0	0	0	0	0	0	0	0	0	0	0	0	0	0	0	9	0	0	0	0	0	0	10	0	0	0	0	0	0	0	0	0	0	0
Abiotrophia	0	0	0	0	0	0	0	0	0	0	0	0	0	0	0	0	0	0	0	0	0	0	0	0	0	0	0	0	0	0	47	0	0	0	0	0	0	0	0	0	0	0	0	0	0	0	0	0	0	0	0	0	0	0	0	0	0
Granulicatella	25	0	48	0	0	3	0	0	639	0	0	0	23	0	23	41	0	21	166	30	0	15	30	0	0	0	24	0	0	0	16	0	15	6	0	36	0	78	0	23	0	0	11	0	25	0	0	9	27	0	0	40	0	0	0	0	15
Isobaculum	0	0	2	0	0	0	0	0	0	0	0	0	0	0	0	0	0	0	0	0	0	0	0	0	0	0	0	0	0	0	0	0	0	0	0	0	0	0	0	0	0	0	0	0	0	0	0	0	0	0	0	0	0	0	0	0	0
Enterococcus	0	2502	826	376	169	0	886	152	1456	141	367	49	0	0	0	20	48	1256	9145	250	0	42	0	2381	85	15	0	0	166	201	0	0	0	0	3	0	0	217	0	51	0	68	0	166	0	0	0	0	0	21	0	9	0	0	13	0	0
Vagococcus	0	0	0	23	0	0	0	0	0	0	0	0	0	0	0	0	0	0	0	0	0	0	0	0	0	0	0	0	0	0	0	0	0	0	0	0	0	0	0	0	0	0	0	0	0	0	0	0	0	0	0	0	0	0	0	0	0
Lactobacillus	0	41	2651	15	3830	9	354	6763	0	0	99	339	1091	33	0	31	8537	18	5991	54	3	33	24	19	11	0	79	0	95	20	6	2206	6	7	0	10	35	21	25	32	2	232	562	116	53	0	0	107	0	8	12	147	40	0	8	629	7
Pediococcus	0	0	0	0	141	0	0	0	0	0	0	0	0	0	0	14	0	0	0	23	0	0	0	0	0	0	0	0	0	0	0	0	0	0	0	0	0	0	0	0	0	0	0	0	0	0	0	0	0	0	0	0	0	0	0	0	0
Fructobacillus	0	0	0	0	0	0	0	0	0	0	0	0	0	0	0	0	0	0	0	0	0	0	0	0	0	0	0	0	0	0	0	0	0	0	0	0	0	3	0	0	0	0	0	0	0	0	0	0	0	0	0	0	0	0	0	0	0
Leuconostoc	0	0	39	617	0	0	163	0	11	0	0	9	6	0	0	0	0	0	12	32	7	18	12	178	7	0	0	0	5	0	0	0	0	0	2	0	10	319	12	0	0	16	0	0	7	0	0	0	0	0	0	0	8	2	0	0	14
Weissella	0	112	555	44	74	0	9	127	0	11	0	160	8	0	10	681	255	102	32	1673	8	18	303	8	0	8	0	0	33	26	8	102	0	0	0	3	18	126	30	0	0	71	0	0	6	0	0	62	23	0	83	19	0	3	0	0	11
Anthococcus	0	0	4	0	0	0	0	0	0	0	0	0	0	0	0	0	0	0	0	0	0	0	0	0	0	0	0	0	0	0	0	0	0	0	0	0	0	0	0	0	0	0	0	0	0	0	0	0	0	0	0	0	0	0	0	0	0
Lactococcus	0	14	1130	970	40	148	912	29	19	7	432	20	11	0	15	97	0	101	11	131	0	14	4	81	211	15	0	0	0	346	0	0	0	0	0	20	21	179	0	266	0	359	6	34	28	63	0	0	0	0	19	0	28	37	11	8	15
Streptococcus	499	231	726	1726	683	137	251	192	11418	70	472	116	661	121	56	5061	8683	1700	29544	2297	126	1163	2672	629	2212	103	181	14	324	1050	113	6767	1117	393	91	1453	99	4690	18	390	441	3083	529	544	418	351	21	1572	1164	657	337	263	5730	309	91	369	805
Catabacter	0	0	6	0	0	42	0	0	0	0	0	0	0	4	0	0	0	0	0	0	0	11	8	0	0	0	0	4	14	0	20	0	2	0	0	0	0	0	0	0	0	0	0	0	0	30	0	0	0	0	10	0	0	33	0	0	0
Christensenella	24	0	0	12	0	21	0	0	0	0	0	0	0	0	0	0	0	0	0	0	0	0	0	14	8	0	0	0	0	0	34	0	0	0	0	0	0	33	0	0	0	14	15	0	0	0	32	0	0	0	0	4	0	0	13	0	0
Christensenellaceae_R.7_group	2710	10	1500	748	2586	1035	4874	1338	274	2154	1152	2892	222	2035	1148	8	0	2341	254	803	1237	209	290	1960	898	790	10244	23	0	25	0	567	0	156	474	846	1047	487	710	4425	11	2590	984	1452	29	3797	22467	327	233	165	1999	90	2532	1239	2849	839	4832
Clostridium_CAG.352	0	0	0	0	0	0	394	0	0	0	0	0	0	1794	0	0	0	0	0	0	0	0	25	105	0	0	0	0	0	0	0	0	0	0	0	0	0	0	0	140	0	0	0	0	0	0	54	0	0	0	0	0	0	0	0	0	0
Clostridium_sensu_stricto_1	151	57	58	1594	90	278	5033	1084	1057	0	56	1776	117	170	151	999	733	5024	366	1429	130	188	101	230	1017	12	4938	45	66	214	0	1916	116	303	250	27	755	81	540	702	166	273	1145	1097	596	9184	71	0	0	468	1255	3796	13794	3011	87	695	1236
Clostridium_sensu_stricto_2	0	0	0	0	0	0	0	0	0	0	0	0	0	0	0	0	0	0	0	0	0	0	0	0	0	0	0	0	0	0	0	0	5	0	0	0	0	0	0	0	0	0	0	0	0	0	0	0	0	0	0	0	0	0	0	0	0
Sarcina	0	0	0	0	0	0	0	0	0	0	0	0	0	0	0	0	0	9	0	918	0	0	0	0	0	0	20	0	0	0	0	0	0	0	0	0	0	0	0	0	0	0	0	0	0	0	0	0	0	0	0	0	0	0	0	0	0
Clostridiales_bacterium_S5-A14a	0	0	0	0	0	0	0	0	4	0	0	0	0	0	0	0	0	49	0	0	5	0	13	11	0	0	0	0	0	0	0	0	0	0	0	0	0	0	0	0	0	0	0	0	0	0	0	0	0	0	0	0	0	0	0	0	0
Defluviitaleaceae_UCG.011	0	0	0	0	6	0	0	8	0	0	0	0	0	0	0	0	0	0	0	0	52	31	0	0	0	39	21	0	0	0	0	0	0	0	0	0	0	0	0	0	0	0	0	0	0	0	0	24	0	0	0	0	0	56	17	0	13
Anaerofustis	0	0	2	0	0	0	4	0	0	15	0	0	0	0	0	0	0	0	0	0	0	42	0	0	0	0	19	0	0	0	6	0	0	0	0	0	0	0	0	71	0	0	0	0	13	0	0	0	0	0	0	0	0	3	0	0	0
Eubacterium	0	0	0	0	0	0	0	10	24	0	0	0	0	0	0	0	0	2	0	8	0	0	0	0	0	0	0	0	0	0	0	0	0	0	0	0	0	0	40	0	0	0	0	0	0	0	0	0	0	0	0	0	0	0	0	0	0
Anaerococcus	0	0	0	0	0	4	0	0	0	0	0	3	0	0	0	0	0	23	7	0	3	0	0	9	0	0	0	0	0	0	4	0	0	0	2	11	0	0	0	0	0	0	0	0	0	0	0	0	0	0	2	0	0	0	0	0	12
Ezakiella	5	0	0	0	6	68	0	5	18	2	0	5	74	20	0	0	0	227	59	0	22	10	1282	62	0	0	0	0	0	5	0	0	0	0	5	0	0	0	0	17	0	0	0	0	0	9	0	25	0	4	0	0	0	0	0	0	0
Finegoldia	0	5	0	3	0	0	0	0	0	0	0	0	0	0	0	0	0	17	4	0	0	0	10	13	0	0	0	2	0	0	5	0	0	0	7	4	0	0	0	0	0	0	0	0	0	0	0	0	3	0	0	0	0	0	0	0	4
Parvimonas	0	0	0	6	8	8	4	0	7	6	0	6	11	4	11	0	0	0	0	0	0	0	0	6	0	0	6	0	0	0	0	0	147	0	0	0	0	0	0	4	0	0	0	0	0	0	24	0	0	0	0	0	0	0	0	0	0
Peptoniphilus	4	13	0	0	0	0	0	9	2	0	0	0	19	7	0	0	0	33	6	0	0	0	81	14	0	0	0	5	0	0	3	0	0	0	3	6	0	0	0	0	0	0	0	0	0	0	0	0	0	0	0	0	0	0	0	0	2
Family_XIII_AD3011_group	794	0	460	814	194	155	562	139	131	61	33	345	28	404	28	0	0	173	114	742	294	230	126	152	173	63	304	13	16	0	105	52	0	8	66	92	172	293	531	67	7	76	753	79	0	223	702	81	7	140	270	201	126	349	38	22	215
Mogibacterium	0	0	26	10	154	0	106	0	13	0	0	10	30	0	0	0	0	171	28	9	0	4	4	0	0	0	46	0	0	0	0	0	0	0	0	46	0	0	13	12	0	0	0	0	0	15	0	0	0	3	5	0	0	12	0	16	0
Murdochiella	0	0	0	0	0	0	0	0	0	0	0	4	0	0	0	0	0	55	0	0	6	0	0	6	0	0	0	7	0	0	0	0	0	0	11	0	0	0	0	0	0	0	0	0	0	0	0	0	0	0	0	0	0	0	0	0	0
Agathobacter	6025	1310	366	738	8414	3100	881	5162	6935	254	4201	8945	1786	367	3454	355	0	866	1887	3975	303	886	1930	453	4522	4341	7759	2765	3184	0	1093	1408	0	347	1444	14213	523	2276	689	2020	1153	1841	5476	941	1166	3932	1591	1469	3034	3028	4117	16638	6840	1591	3230	12261	70
Anaerosporobacter	0	0	57	0	0	0	0	0	0	0	0	0	0	0	0	0	0	0	0	0	0	0	0	0	0	0	0	0	0	0	0	0	0	0	0	0	0	0	0	0	0	0	0	0	0	0	0	0	0	0	0	0	0	0	0	0	0
Anaerostipes	124	445	2328	4791	0	36	253	419	1455	23	185	4464	54	66	119	91	0	54	1487	495	341	4332	298	119	867	163	181	86	96	11	162	216	136	53	85	1201	175	1623	973	30	47	1820	1103	80	95	3413	985	89	3100	906	967	124	1170	744	1004	0	18
Blautia	677	183	4179	8863	652	1197	7596	2539	8512	202	1006	16275	208	1135	875	375	0	1345	7419	11350	2989	3331	1029	452	6039	844	804	312	336	2693	1569	1682	938	119	2789	4212	2829	2925	1944	425	602	2607	3217	996	1287	11333	1398	79	952	3577	5539	1279	4202	4675	1723	488	243
Butyrivibrio	0	0	130	0	165	0	149	0	0	35	0	0	0	0	0	0	0	0	0	0	0	37	0	186	482	0	214	0	0	0	0	0	0	0	0	0	0	0	0	300	0	1103	0	0	0	0	3468	110	0	0	0	0	0	619	0	345	0
Cellulosilyticum	0	0	0	0	0	0	0	0	0	0	0	0	0	0	0	0	0	0	0	0	0	0	0	0	0	0	34	0	0	0	0	0	0	0	0	0	0	0	0	0	0	0	0	0	0	0	0	0	0	0	0	0	0	0	0	0	0
Coprococcus_1	26	0	368	434	57	82	201	155	106	9	274	173	14	57	91	11	0	63	266	444	152	107	87	43	117	33	101	12	49	0	0	140	65	0	190	155	207	429	335	6	38	497	85	34	0	443	54	12	147	90	137	43	307	96	102	28	0
Coprococcus_2	77	0	189	202	80	5990	422	556	10	282	122	10	422	118	28	39	0	94	46	90	1885	3418	1762	18	31	117	1705	0	0	0	0	233	0	257	716	0	0	0	123	82	0	398	1834	0	0	286	0	41	4813	6374	1913	0	682	96	819	2035	0
Coprococcus_3	175	272	394	441	125	216	311	350	204	45	348	326	216	151	98	189	0	83	1555	1471	179	151	116	98	58	146	444	89	700	0	0	317	0	42	448	675	458	527	399	152	558	1683	225	1149	330	866	415	99	518	389	1191	1485	3523	2193	241	939	37
Dorea	416	83	1582	1889	299	360	2059	1866	1330	64	685	1569	209	389	171	405	0	1003	2639	5231	3290	3533	390	198	919	180	379	142	119	0	163	963	307	154	1131	5132	1317	1704	1090	372	92	2296	894	403	224	1678	1958	488	695	929	2382	2393	3570	2386	795	476	203
Eisenbergiella	0	190	0	0	0	56	0	0	0	0	6	0	0	0	0	0	0	0	0	0	9	0	0	0	0	0	0	129	236	0	2500	0	197	0	0	0	0	0	0	0	0	0	0	0	0	0	33	0	0	0	0	0	0	0	0	0	42
Epulopiscium	0	0	0	0	0	0	0	0	0	0	0	0	0	0	0	0	0	0	0	0	0	0	0	0	14	0	0	0	0	0	0	0	0	0	0	0	0	0	0	0	0	0	0	0	0	48	0	0	0	0	0	23	0	0	0	0	0
Fusicatenibacter	198	66	247	941	39	293	225	220	253	0	103	1788	102	117	243	88	0	350	993	1027	288	1062	364	99	345	168	724	378	162	167	274	249	0	0	352	424	131	1385	114	174	34	378	1074	141	292	849	858	90	587	572	925	250	915	157	427	59	93
GCA.900066225_genus	5	26	9	40	8	65	14	5	0	0	0	14	0	86	13	0	0	6	0	0	9	190	0	65	0	0	51	50	29	0	23	0	0	0	0	0	0	17	39	19	0	0	38	57	0	15	93	0	0	0	13	0	0	8	9	37	26
GCA.900066575_genus	21	0	0	0	0	17	0	11	0	0	26	0	0	7	0	0	0	0	0	0	15	15	15	0	0	0	29	0	20	0	0	0	0	11	33	0	0	22	0	12	87	18	7	10	60	0	30	21	30	13	52	0	0	48	7	179	0
Howardella	0	0	0	0	55	0	0	0	1485	0	180	0	0	0	6	0	0	0	53	566	0	0	0	291	13	0	48	0	0	0	0	7	0	0	0	513	36	0	53	0	120	0	0	0	0	0	0	84	191	0	0	0	0	294	0	0	0
Hungatella	0	24	0	0	15	126	0	0	0	0	0	50	0	0	0	0	0	0	0	0	0	0	0	0	0	0	0	612	170	66	168	0	0	0	0	10	0	116	0	0	10	0	0	0	40	0	0	0	0	0	0	0	0	0	28	0	0
Lachnoanaerobaculum	0	0	0	0	0	0	0	0	0	0	0	0	0	5	0	0	0	0	0	0	0	0	0	0	0	0	0	0	0	0	0	0	0	0	0	0	0	0	0	0	0	0	0	0	0	0	0	0	0	0	0	0	0	0	0	0	0
Lachnoclostridium	84	249	18	34	30	274	26	59	399	414	386	39	1379	1139	47	101	0	17	81	17	252	530	1802	187	0	145	138	242	2686	1364	7552	14	1535	119	2235	1310	23	233	16	37	2230	164	237	376	1133	23	324	130	1273	192	338	647	2963	491	891	758	47
Lachnospira	1548	33	76	104	111	525	75	92	191	35	2576	67	315	214	0	634	0	24	22	16	117	828	2565	200	40	29	976	50	60	0	125	50	0	126	322	674	25	1009	106	358	1529	221	210	56	214	346	712	514	1183	1155	724	299	553	216	700	3365	342
Lachnospiraceae_AC2044_group	1296	0	79	8	70	52	1131	13	119	0	22	72	0	0	0	0	0	0	0	0	1602	102	0	43	11	0	166	0	0	0	9	21	0	0	49	79	60	0	43	170	0	39	145	0	0	154	971	0	0	0	179	0	14	705	17	68	0
Lachnospiraceae_FCS020_group	29	0	11	124	7	14	81	54	28	11	105	76	0	25	10	0	0	38	222	143	39	79	39	0	137	34	58	0	0	0	0	10	0	0	74	205	28	35	34	16	4	65	51	50	0	543	18	19	0	28	51	16	111	47	59	110	12
Lachnospiraceae_NC2004_group	0	0	172	0	0	0	0	0	0	0	0	0	0	0	0	0	0	0	0	0	0	0	0	0	0	0	85	0	0	0	0	0	0	0	0	0	0	0	0	9048	0	0	0	0	0	0	0	0	0	0	0	0	0	0	0	90	0
Lachnospiraceae_ND3007_group	41	0	0	15	14	192	32	79	17	0	135	90	26	23	0	12	0	52	83	17	19	293	48	39	40	46	243	22	0	0	0	59	0	19	233	63	41	81	51	0	76	25	42	22	11	28	44	10	89	74	36	115	376	275	41	150	57
Lachnospiraceae_NK3A20_group	0	0	0	0	6937	0	0	0	0	0	0	0	0	0	0	0	0	1218	0	0	0	0	0	0	0	0	0	0	0	0	0	0	0	0	0	0	0	0	0	0	0	0	0	0	0	0	0	0	0	0	0	0	0	0	0	0	0
Lachnospiraceae_NK4A136_group	2441	5340	162	150	1334	2699	1663	122	336	143	3086	261	171	1539	989	55	0	229	439	110	470	1429	2561	490	105	78	1054	57	473	0	388	260	0	402	3805	1016	426	1102	161	565	5651	479	2450	527	3126	1696	2469	498	2384	3754	2179	131	290	895	1044	5035	265
Lachnospiraceae_NK4B4_group	95	51	56	0	37	37	9	0	0	0	0	0	0	57	50	0	0	0	0	0	55	0	0	0	0	0	68	0	0	0	0	0	0	0	0	0	44	0	0	17	0	0	0	0	0	82	82	0	11	0	142	0	11	348	0	88	0
Lachnospiraceae_UCG.001	39	29	36	263	0	63	11	21	14	0	155	28	0	143	0	8	0	8	0	113	17	450	132	0	7	0	387	0	0	0	0	0	0	0	14	0	0	73	79	57	0	91	269	29	0	182	172	0	254	269	0	0	0	14	21	421	9
Lachnospiraceae_UCG.003	0	2067	0	10	0	0	10	0	135	0	39	0	0	288	0	0	0	0	0	0	0	0	0	0	21	0	45	0	0	0	0	0	0	0	0	0	0	0	6	227	0	519	0	0	0	14	335	0	15	30	29	0	0	53	0	0	0
Lachnospiraceae_UCG.004	15	28	0	0	0	33	0	9	17	32	54	16	45	47	0	29	0	0	0	0	27	180	279	12	0	0	103	48	57	0	0	0	0	25	134	25	0	348	0	8	175	0	18	43	498	0	13	0	38	6	45	38	64	19	76	569	28
Lachnospiraceae_UCG.006	0	0	0	0	0	0	0	0	0	0	0	0	0	0	0	0	0	0	0	0	0	0	0	0	0	0	0	0	0	0	0	0	0	0	0	0	0	0	0	0	0	0	0	0	0	0	0	0	0	0	0	0	0	0	0	9	0
Lachnospiraceae_UCG.008	0	0	0	0	0	25	7	0	0	26	0	0	0	0	0	0	0	0	9	0	0	46	0	0	0	84	25	0	0	0	0	0	0	0	28	0	0	0	0	0	0	369	9	0	0	0	0	0	0	0	0	0	31	0	85	8	0
Lachnospiraceae_UCG.010	76	18	0	11	14	113	9	0	0	37	92	4	52	312	0	0	0	6	51	0	5	421	210	26	10	41	129	101	849	0	243	0	0	37	346	615	7	805	0	17	159	181	68	148	140	51	95	77	475	108	37	89	347	239	258	276	34
Marvinbryantia	0	0	281	111	32	0	341	101	187	0	8	48	0	17	43	0	0	46	79	262	0	141	0	0	481	0	69	0	0	0	0	43	0	0	114	58	132	25	37	0	0	244	0	0	0	303	27	0	0	20	566	0	57	128	36	0	24
Moryella	0	0	0	0	0	0	0	0	0	0	0	0	13	0	0	0	0	0	0	0	0	0	0	0	0	0	0	0	0	0	0	0	0	0	0	0	0	0	0	0	0	0	0	0	0	0	0	0	0	0	0	0	0	0	0	0	0
Oribacterium	0	0	0	0	0	0	0	0	0	0	0	0	7	0	0	16	0	0	45	0	0	0	8	0	0	0	0	0	0	0	0	0	0	0	0	262	0	0	0	0	0	0	0	0	0	0	0	21	0	0	0	0	0	0	0	0	0
Roseburia	956	1275	187	271	911	596	165	600	169	10	1132	486	1187	3548	206	948	0	400	159	323	443	669	1854	739	114	105	4026	122	385	0	166	464	0	211	1805	594	227	1857	296	629	1098	121	652	195	1565	1772	976	576	4927	4410	2895	498	2129	6650	1333	11256	469
Sellimonas	0	0	0	10	0	18	0	0	0	0	0	0	0	7	0	0	0	0	0	10	12	21	0	0	0	0	0	0	0	128	54	30	0	0	0	0	0	13	0	0	0	0	7	13	0	14	0	0	0	0	0	0	0	0	11	0	0
Shuttleworthia	15	0	0	0	0	0	0	0	0	0	0	28	0	0	0	0	0	15	0	17	0	0	0	0	0	53	0	0	0	0	0	0	0	0	151	0	0	0	0	16	0	84	0	30	0	0	80	0	0	0	0	0	616	0	0	52	0
Tyzzerella	0	0	0	0	0	0	0	23	0	0	0	0	0	0	0	0	0	0	0	0	0	282	0	0	0	0	0	18	15	0	1380	0	0	0	33	154	0	0	0	8	51	0	10	0	27	0	16	0	171	0	0	0	74	331	72	17	39
Tyzzerella_3	0	133	14	623	0	0	0	350	0	0	0	0	0	0	0	0	0	0	0	0	0	0	0	303	18	4	0	7	37	0	137	0	0	0	0	0	0	0	14	0	653	0	0	0	0	0	186	0	0	19	0	0	26	0	0	0	0
Tyzzerella_4	0	0	136	0	7	0	0	0	0	0	0	0	0	0	0	0	89	0	0	0	0	0	0	0	0	0	0	108	0	0	0	0	21	0	0	0	0	0	0	0	0	0	0	0	70	0	29	0	27	0	0	93	0	0	0	0	0
Peptococcus	0	0	30	0	0	113	825	0	3	0	0	0	0	0	0	0	0	5	0	2104	0	0	0	0	0	0	0	0	0	0	0	0	0	0	0	568	0	2	0	0	3	0	0	91	0	0	0	0	0	0	0	0	0	439	0	0	0
Clostridioides	0	0	0	0	0	0	0	0	0	0	0	0	0	0	0	0	0	0	0	0	0	0	0	0	0	0	0	0	0	454	0	0	0	0	0	0	0	0	0	0	0	0	0	0	0	0	0	0	0	0	0	0	0	0	0	0	0
Intestinibacter	277	68	22	825	91	8	1008	10	14	0	0	537	27	15	321	27	1384	1559	0	178	104	0	7	80	43	11	1320	35	38	173	0	409	32	0	0	0	0	16	92	191	8	0	47	53	402	1978	0	0	0	79	1167	218	47	120	8	13	0
Peptostreptococcus	0	0	0	0	0	12	0	10	0	0	0	0	0	0	0	0	0	0	8	0	0	0	25	17	0	0	0	0	0	0	0	0	12	0	0	0	0	0	0	0	0	0	0	0	0	0	0	0	0	0	0	0	0	0	0	0	0
Romboutsia	324	137	1519	2719	25	271	6151	429	352	16	36	2103	666	170	113	343	171	7091	234	1082	19	276	36	257	251	62	2078	7	0	61	88	506	55	231	33	133	1482	444	2653	705	0	38	343	520	601	1462	295	0	6	1103	1710	2175	2641	409	169	729	288
Terrisporobacter	541	0	0	48	0	0	240	0	0	0	0	45	24	0	0	6	1302	757	0	19	33	0	0	20	108	0	980	0	0	134	0	0	0	0	0	0	0	0	34	89	0	0	0	0	657	24	28	0	0	9	715	47	0	18	14	0	0
Acetanaerobacterium	0	0	0	0	0	64	0	0	0	0	0	0	0	0	0	0	0	0	0	0	0	0	0	0	0	0	0	0	0	0	0	0	0	0	0	0	0	0	0	0	0	0	0	0	0	0	0	0	0	0	0	0	0	0	0	0	0
Anaerofilum	582	0	0	0	0	68	0	35	0	38	0	0	329	14	0	0	0	13	18	6	0	2	0	0	0	0	140	0	0	0	0	13	0	264	0	0	0	0	0	0	0	0	0	0	0	17	49	198	0	67	10	0	17	11	22	404	57
Anaerotruncus	0	13	0	0	0	0	0	0	0	0	0	0	0	0	0	0	0	0	0	0	0	57	0	0	3	0	0	15	32	0	22	0	0	0	0	0	0	3	0	0	0	0	0	0	34	0	0	0	0	0	6	0	0	4	19	0	0
Angelakisella	13	52	0	0	23	105	0	18	7	13	0	12	7	0	20	0	0	35	0	0	0	78	0	23	0	0	52	0	0	0	10	0	0	0	0	0	0	0	0	0	0	18	0	19	0	9	39	10	0	0	7	9	7	10	28	78	0
Butyricicoccus	252	128	53	0	125	103	100	57	396	20	596	77	161	301	9	348	0	0	417	519	1903	230	511	54	76	0	29	50	352	0	1416	0	31	109	641	545	0	245	100	48	641	0	38	0	109	0	0	0	1557	101	172	94	811	717	217	86	109
Candidatus_Soleaferrea	0	0	0	0	0	0	0	0	0	0	5	0	0	0	0	0	0	0	0	0	0	0	0	12	0	0	0	0	0	0	0	0	0	0	0	0	9	0	0	21	0	0	0	0	0	0	0	26	7	0	5	0	8	6	18	0	0
Caproiciproducens	7	0	0	0	0	0	0	0	0	0	0	0	53	17	0	0	0	0	0	0	0	0	0	0	0	0	0	8	0	0	18	0	0	0	0	17	0	0	0	0	9	0	0	12	0	0	0	0	0	0	0	16	30	0	0	13	8
Faecalibacterium	1749	5421	957	1395	1073	1801	3803	5385	2852	7563	16210	8041	2383	2296	25002	1319	0	4360	7216	1389	4306	15903	25279	980	3201	3112	20790	412	10300	717	933	2970	4339	1380	8816	16075	1027	2402	1654	2235	8924	12859	17915	3474	8281	2966	3101	13265	2847	5705	6056	8069	13691	11549	4722	18285	1030
Faecalibacterium_sp.UBA1819	73	700	331	193	36	162	12	90	18	21	24	97	78	1107	10	0	0	31	0	20	126	375	75	120	33	59	35	602	593	0	1708	15	119	18	21	0	38	1088	116	79	382	328	166	167	112	71	95	0	19	70	323	74	138	70	140	12	103
Fastidiosipila	0	0	0	0	0	0	0	0	0	0	0	0	0	0	0	0	0	37	0	0	0	0	0	0	0	0	0	0	0	0	0	0	0	0	0	0	0	0	0	0	0	0	0	0	0	0	0	0	0	0	0	0	0	0	0	0	0
Flavonifractor	10	110	0	83	0	9	0	58	0	0	50	13	20	45	0	0	0	0	0	0	102	76	77	9	0	5	44	119	363	177	1036	0	744	32	175	536	0	282	0	22	92	0	54	60	283	0	38	19	7	8	33	31	38	16	106	30	39
Fournierella	19	0	8	0	25	175	24	11	12	15	40	18	0	0	0	7	0	26	0	0	64	0	0	148	8	0	321	0	0	0	784	0	0	0	0	0	0	17	6	253	0	35	0	0	0	9	0	19	0	0	7	8	8	75	15	137	8
Harryflintia	0	0	0	0	0	12	0	0	0	0	0	0	0	0	0	0	0	0	0	0	0	0	0	0	0	0	0	0	0	0	0	0	0	0	0	0	0	0	0	0	0	0	0	0	0	0	0	0	0	0	0	0	0	0	0	0	0
Hydrogenoanaerobacterium	0	0	0	0	0	4	0	0	0	0	0	0	0	0	0	0	0	0	0	0	0	0	0	0	0	0	0	0	0	0	0	0	0	0	0	0	0	0	0	0	0	0	0	0	0	0	16	0	0	0	0	0	0	7	0	0	0
Intestinimonas	8	98	7	37	11	0	70	165	0	21	54	4	23	106	0	0	0	119	402	0	84	154	19	16	0	41	76	71	111	36	103	0	0	0	218	16	12	31	173	10	93	0	75	22	369	46	104	35	0	107	244	0	34	19	263	35	0
Negativibacillus	0	0	0	0	0	21	12	194	0	220	0	0	9	31	0	0	0	691	0	0	0	267	0	0	0	53	429	0	0	0	0	0	0	5	77	0	30	0	92	0	16	461	23	548	0	0	0	0	0	0	126	39	388	133	345	120	0
Oscillibacter	21	131	13	194	20	33	22	33	0	51	4	53	11	244	0	0	0	0	0	0	127	227	30	30	14	42	308	732	951	13	317	6	135	36	74	110	0	141	0	210	315	7	54	37	162	9	151	72	9	9	97	26	71	29	314	125	30
Oscillospira	0	21	0	0	0	0	0	0	0	0	0	0	0	0	0	0	0	0	0	0	7	0	8	7	0	0	26	0	0	0	0	0	0	0	17	0	0	12	0	0	0	0	0	0	0	0	0	0	0	0	6	0	0	6	0	32	0
Papillibacter	0	0	0	0	0	0	0	0	0	0	0	0	0	0	0	0	0	0	0	0	0	7	0	0	0	0	0	0	0	0	0	0	0	0	0	0	0	0	0	0	0	0	0	0	0	0	0	0	0	0	0	0	0	0	0	0	0
Phocea	0	0	0	0	0	0	0	0	0	0	0	0	0	0	0	0	0	0	0	0	0	8	0	0	0	0	0	9	0	0	57	0	0	0	0	0	0	0	0	0	0	0	0	0	0	0	0	0	0	0	13	0	0	0	26	0	0
Pseudoflavonifractor	0	0	0	0	0	0	0	0	0	0	0	0	0	0	0	0	0	0	0	0	0	0	0	0	0	0	0	0	0	0	4	0	0	0	0	0	0	0	0	0	0	0	0	0	0	0	0	0	0	0	79	0	0	0	59	0	0
Ruminiclostridium	0	0	0	0	0	0	0	0	0	0	0	0	0	0	0	0	0	0	0	0	0	0	0	0	0	0	0	0	0	0	0	0	0	0	0	0	0	0	0	0	0	0	0	0	0	0	0	0	0	0	0	0	0	0	10	0	0
Ruminiclostridium_1	0	0	0	0	0	0	0	0	0	0	0	0	0	0	0	0	0	0	0	0	0	0	0	0	0	0	0	0	0	0	0	0	0	0	0	0	0	0	0	0	0	0	0	0	0	0	0	0	0	0	0	0	0	0	15	0	0
Ruminiclostridium_5	202	716	149	266	488	1055	45	204	171	0	54	251	263	308	128	0	0	105	718	48	583	606	189	93	131	723	167	398	569	0	1614	46	130	99	542	635	27	791	87	278	37	85	167	67	218	1574	191	42	94	129	870	45	1213	147	270	183	104
Ruminiclostridium_6	707	7338	241	302	0	222	227	10	503	42	380	161	0	120	48	0	0	43	0	22	1137	368	0	306	185	28	651	0	0	0	0	165	0	5	481	0	13	131	271	28	0	1181	3791	191	0	16	459	18	496	0	1458	211	113	481	2211	1148	0
Ruminiclostridium_9	35	0	12	48	9	19	77	18	46	0	13	215	82	138	0	3	0	8	20	17	63	737	57	24	0	25	31	1029	43	0	1529	11	0	26	22	54	9	25	16	42	65	26	79	7	212	73	97	6	112	35	28	37	75	37	81	69	26
Ruminococcaceae_NK4A214_group	3662	704	941	1907	348	100	145	4315	699	7042	308	770	358	619	1584	0	0	263	181	90	2518	5338	129	8497	58	1283	1832	7	0	0	788	109	0	126	211	0	130	295	1402	1340	1383	5097	648	564	777	921	1430	164	0	210	878	319	2535	960	698	2043	1344
Ruminococcaceae_UCG.002	5906	1182	1814	5170	3942	6431	585	7958	303	7744	3256	3747	1059	3548	2769	58	0	496	79	229	14553	3230	837	5571	266	2379	9488	1188	0	0	1193	353	13	1017	991	2465	568	6519	344	4439	2593	14081	2012	6379	0	3354	6721	3491	384	909	4302	309	2787	5413	2809	5178	3812
Ruminococcaceae_UCG.003	80	284	39	72	89	24	14	70	14	203	344	52	88	186	40	0	0	12	8	0	218	1221	75	23	0	19	654	0	0	0	13	13	0	62	162	236	0	110	10	248	18	0	342	62	129	75	89	274	33	619	625	64	371	607	205	906	182
Ruminococcaceae_UCG.004	0	0	302	0	0	165	0	0	65	0	0	156	0	0	0	0	0	0	0	0	0	390	0	101	46	0	0	0	0	0	214	0	0	0	0	0	0	117	0	0	0	0	0	0	0	0	0	0	0	0	0	27	136	293	71	0	171
Ruminococcaceae_UCG.005	788	133	663	789	700	189	286	398	357	1087	380	988	17	522	3636	34	0	136	0	69	1645	1651	460	174	405	858	4044	23	33	0	168	290	0	0	430	0	1033	186	83	265	440	2644	1062	1503	1174	689	1124	691	17	140	425	120	1304	927	813	3977	267
Ruminococcaceae_UCG.007	0	0	0	0	14	22	0	0	0	0	0	0	0	0	0	0	0	0	0	0	0	0	0	0	0	0	0	0	0	0	0	0	0	0	0	0	0	0	0	0	0	0	0	0	0	0	0	0	0	0	0	0	29	0	0	0	0
Ruminococcaceae_UCG.008	0	3	0	24	0	0	0	0	0	0	0	0	0	0	0	0	0	10	0	0	0	0	0	0	3	0	9	0	0	0	0	0	0	0	0	0	0	0	0	0	0	0	0	0	0	0	0	0	0	0	0	0	0	0	0	0	0
Ruminococcaceae_UCG.009	0	0	0	0	0	30	0	0	0	21	0	0	7	0	0	0	0	0	0	0	0	0	21	28	0	0	53	0	0	0	0	0	0	0	0	0	0	0	0	0	0	0	0	122	0	0	0	0	0	20	0	0	18	26	31	100	0
Ruminococcaceae_UCG.010	450	0	917	21	155	248	246	8	46	369	280	79	4	0	25	0	0	77	0	5	524	1529	0	197	59	32	2526	0	0	0	0	11	0	37	0	0	84	0	160	312	0	143	312	49	3	393	605	229	0	0	61	0	25	553	51	507	139
Ruminococcaceae_UCG.011	0	0	5	0	0	0	14	0	8	0	0	0	0	0	0	0	0	0	0	0	0	0	0	24	0	0	14	0	0	0	0	0	0	0	0	0	0	0	0	0	0	0	0	0	0	0	144	0	0	0	0	0	0	0	0	0	0
Ruminococcaceae_UCG.013	56	3452	214	41	77	2900	311	383	1080	20	498	291	31	147	223	201	0	370	1671	724	254	3724	1707	906	243	16	730	87	88	0	500	68	0	170	815	0	103	26	449	904	0	206	582	185	177	538	1916	83	881	366	1397	755	3012	613	91	797	579
Ruminococcaceae_UCG.014	24988	39	14143	421	394	27823	11791	10224	5331	1026	952	492	86	1099	156	1127	0	1859	901	1700	4420	4616	325	10089	1966	283	13640	0	6	0	34	1623	0	4894	917	16	5878	27	1079	4858	0	5189	17	48	1181	10025	9108	1388	11	10937	16732	543	357	14405	2143	5890	6204
Ruminococcaceae_V9D2013_group	0	0	0	0	0	0	0	0	0	0	0	0	0	0	0	0	0	0	0	0	0	0	0	0	0	0	0	0	0	0	0	0	0	0	0	0	0	0	0	21	0	0	0	0	0	0	0	0	0	0	0	0	0	0	0	11	0
Ruminococcus_1	105	1242	363	781	628	1056	372	1451	272	191	734	1524	276	153	571	47	0	85	539	300	160	3256	694	403	86	9920	1816	0	0	0	84	382	0	215	1463	0	610	107	458	1101	8640	611	1452	6410	15661	287	3125	174	972	5058	297	27	1694	1063	5308	564	353
Ruminococcus_2	0	3563	1387	1281	694	1015	1984	4856	2918	694	0	1545	0	6606	1511	565	0	855	12	160	4050	17615	3822	3288	1171	753	3292	8533	980	0	4451	1058	249	1522	5920	0	9631	1450	938	2053	974	3007	3429	2909	1340	0	1970	342	3183	2362	2623	3476	0	4047	453	2505	892
Sporobacter	0	0	0	0	0	0	0	0	0	0	0	0	0	0	0	0	0	8	0	0	54	0	0	0	0	0	41	0	0	0	0	0	0	0	0	0	0	0	0	0	0	0	0	0	0	0	0	0	0	0	0	0	0	0	0	0	0
Subdoligranulum	12171	19511	963	3811	10351	26071	1239	4783	5153	410	7251	3424	7088	10786	1977	289	0	3062	5528	4443	7166	12888	13844	21085	537	1246	4010	385	28	71	10589	637	0	11799	1622	1016	1200	6112	2459	7907	2404	7356	6561	1039	672	5946	1608	2432	16069	5079	11514	2025	11059	3659	2722	3995	2251
Clostridiales_bacterium_DTU089	0	29	41	86	0	244	13	0	0	0	0	17	0	27	0	0	0	50	0	0	5	0	0	927	33	0	0	113	0	0	263	0	0	0	0	0	0	0	6	0	0	13	59	0	29	0	40	0	0	0	11	5	9	6	7	0	0
Family_XIII_UCG-001	16	0	0	94	0	35	6	139	5	6	0	12	82	11	0	0	0	16	12	0	14	217	19	54	8	0	49	0	0	0	130	0	0	0	88	0	10	99	9	12	80	20	181	17	0	73	30	0	0	21	0	120	242	65	266	71	100
Clostridia_bacterium_UC5.1-2E3	0	0	0	0	0	81	0	0	0	0	0	0	0	0	0	0	0	0	0	0	0	0	0	123	0	0	0	0	0	0	0	0	0	0	30	0	0	0	0	0	0	0	0	0	0	0	0	0	0	0	0	0	0	0	0	0	0
Allobaculum	0	0	0	0	0	0	0	0	0	0	0	0	0	0	0	0	0	0	0	0	0	0	0	0	53	0	0	0	0	0	0	0	0	0	0	0	0	0	0	0	0	718	0	0	0	0	0	0	0	0	0	0	0	0	0	0	0
Asteroleplasma	0	0	0	0	0	0	0	0	0	0	0	0	0	0	0	0	0	0	0	0	0	0	0	0	0	0	0	0	0	0	0	0	0	0	0	0	0	0	0	0	0	0	0	0	0	0	0	0	0	0	0	0	0	0	0	0	3
Candidatus_Stoquefichus	0	0	0	0	0	0	0	0	0	0	0	0	0	0	0	0	0	0	0	0	0	0	0	0	0	0	0	0	0	0	4	0	0	0	0	0	0	0	0	0	0	0	0	0	0	0	0	0	0	0	0	0	0	0	0	0	0
Catenibacterium	0	0	0	0	36	0	428	0	0	0	0	132	0	0	0	0	0	575	896	0	0	0	0	0	0	0	937	0	0	0	0	250	0	0	1787	624	1081	0	0	0	0	0	0	161	0	0	0	91	0	0	0	0	0	1358	0	0	0
Catenisphaera	0	0	0	0	0	0	0	0	0	0	0	0	0	0	0	0	0	0	0	0	0	0	0	0	0	0	0	0	0	0	0	0	0	0	0	0	0	0	0	0	0	0	0	0	0	0	0	0	0	0	0	453	0	2091	0	0	0
Coprobacillus	0	0	0	90	0	14	0	0	0	0	0	0	0	0	0	0	0	0	0	0	0	0	10	0	0	0	0	34	0	0	0	0	0	0	0	0	0	9	0	0	0	0	0	0	35	29	0	0	0	0	0	0	0	0	0	0	0
Dielma	0	0	0	0	0	3	0	0	0	0	0	6	0	6	0	0	0	0	0	0	0	0	0	0	0	0	0	16	35	0	60	0	0	0	0	0	0	2	0	0	0	0	0	9	7	0	0	0	3	0	0	14	0	0	6	0	0
Erysipelatoclostridium	9	21	3	5	0	16	0	0	0	0	2	631	0	0	35	0	0	0	0	2	0	7	0	0	7	76	129	8	9	0	370	0	103	0	0	0	0	48	0	18	0	0	10	0	397	33	0	0	0	0	31	26	7	50	57	3	19
Erysipelotrichaceae_UCG.003	473	0	378	332	6	60	308	433	498	24	127	1598	116	130	375	316	0	34	19	6015	32	3032	261	144	502	547	28	73	98	6	108	48	0	728	46	629	119	1284	652	83	68	1026	262	53	368	753	433	0	941	406	735	240	856	84	132	35	147
Erysipelotrichaceae_UCG.004	7	0	0	0	2	0	0	0	0	0	0	0	0	0	0	0	0	0	0	0	0	0	0	0	0	0	11	0	0	0	0	0	0	0	0	0	0	0	0	14	0	0	0	0	14	0	0	0	0	0	0	0	0	2	0	0	0
Erysipelotrichaceae_UCG.006	0	0	0	0	682	0	0	0	0	0	0	0	0	0	0	0	0	0	0	0	0	0	0	0	0	0	0	0	0	0	0	0	0	0	114	440	0	0	0	0	0	0	0	0	0	0	0	0	0	0	0	0	0	0	0	0	0
Faecalicoccus	0	0	0	0	0	0	0	0	0	0	0	0	0	0	0	0	0	0	0	0	0	0	0	0	2	0	0	0	0	0	14	0	0	0	0	0	0	0	0	0	0	0	0	0	0	0	0	0	0	0	0	0	0	0	0	0	0
Faecalitalea	0	0	0	0	0	0	0	39	0	0	0	0	0	0	0	0	0	0	0	144	0	268	0	0	0	0	0	0	0	0	0	0	0	0	0	0	0	3	0	0	0	0	0	0	3	0	9	0	0	0	0	0	0	0	0	0	0
Holdemanella	360	0	0	0	985	0	0	0	1839	138	480	0	443	0	0	0	0	802	1679	6	0	0	0	0	1475	0	3060	0	0	0	0	229	0	651	0	4119	1753	235	0	0	0	0	0	1318	0	0	0	0	0	0	0	0	0	248	645	198	0
Holdemania	11	0	0	0	0	58	0	12	0	4	9	6	7	0	21	0	0	9	0	0	13	121	12	6	0	10	13	28	101	0	384	6	0	0	0	14	6	38	0	25	0	17	5	9	61	0	51	10	32	0	9	3	17	15	4	0	7
Solobacterium	0	0	0	0	219	0	4	0	0	199	0	0	0	0	2	0	0	686	8	0	249	0	9	623	2	0	250	0	0	4	0	0	0	0	0	0	0	0	0	0	0	0	0	0	0	0	0	0	0	0	0	0	0	0	0	0	0
Turicibacter	195	85	8	581	0	5	320	25	0	0	0	0	38	17	0	16	276	895	0	81	64	0	0	0	609	6	476	0	0	119	0	54	0	10	15	31	7	0	16	2414	0	0	0	0	638	1346	17	0	55	0	377	0	0	25	0	14	0
Firmicutes_bacterium_CAG.56	41	0	0	568	0	24	0	22	17	152	140	51	0	24	1544	0	0	8	179	138	14	91	125	0	41	39	91	33	0	0	6	50	0	34	113	0	25	0	0	0	55	0	577	750	0	119	136	0	0	64	336	0	432	453	53	77	0
Acidaminococcus	0	0	0	0	0	0	0	377	0	0	0	0	0	0	0	0	0	0	0	0	0	0	0	0	0	0	0	3299	0	0	0	0	0	0	0	0	0	0	0	0	0	0	0	0	0	0	0	43	0	0	0	2062	1869	0	0	0	0
Phascolarctobacterium	0	15	223	1175	56	41	0	14	457	1429	3191	1949	37	1004	266	430	0	0	0	0	7	0	95	102	67	523	1923	412	12071	1622	5771	86	7078	4753	7598	4067	9	310	39	2217	26520	813	1264	0	1065	196	2414	1828	7510	6652	131	8428	58	143	4900	0	9711
Allisonella	12	0	0	0	0	0	0	160	8	0	6	13	422	0	0	15	0	13	0	49	0	0	30	45	0	15	77	57	0	0	0	0	966	39	73	824	0	0	0	0	0	0	0	0	0	0	0	36	0	155	0	0	312	166	24	508	0
Anaeroglobus	0	0	0	0	0	0	0	0	0	0	0	0	9	0	0	0	0	0	0	0	0	0	0	0	0	0	0	0	0	0	0	0	25	0	0	0	0	0	0	0	0	0	0	0	0	0	0	0	0	16	0	0	0	0	0	0	0
Dialister	4357	1611	21	186	1566	7392	231	3085	16	1035	859	62	14638	30	0	0	0	995	27	477	8768	13906	11046	21836	0	2949	4626	9727	1136	14	26	91	12973	16263	2064	472	239	439	8807	18	0	4281	3649	10392	0	272	0	9665	0	503	1871	0	4255	9084	235	15640	24
Megamonas	0	0	3	0	0	0	0	1725	0	0	1123	0	0	0	0	1507	0	0	0	6	0	0	0	0	26	0	0	0	3	0	0	0	0	5632	0	0	0	0	0	0	0	0	0	0	0	0	0	0	0	1155	173	2	0	0	322	0	0
Megasphaera	0	0	0	0	34	14	0	10301	0	0	1341	0	17506	4	0	88	0	0	3176	0	0	0	6	0	0	0	422	10122	0	5682	0	122	237	0	0	0	0	0	0	0	13	0	0	0	17	0	0	137	0	0	0	0	0	0	0	4513	0
Mitsuokella	0	0	0	0	0	0	0	0	0	0	0	0	758	0	0	0	0	49	27	14	0	0	0	0	0	0	0	0	0	0	0	0	0	0	0	0	0	0	31	0	0	0	0	0	0	0	0	0	0	0	0	0	0	0	0	0	0
Negativicoccus	0	7	0	0	0	0	0	0	0	0	0	0	0	0	0	0	0	7	0	0	0	0	5	0	0	0	0	0	0	0	5	0	0	0	11	5	0	0	0	0	0	0	0	0	0	0	0	0	0	0	0	0	0	0	0	0	0
Selenomonas	0	0	0	0	23	0	0	0	0	0	0	0	0	0	0	0	0	0	0	0	0	0	0	0	0	0	0	0	0	0	0	0	0	0	0	0	0	0	0	0	0	0	0	0	0	0	0	0	0	0	0	0	0	0	0	0	0
Selenomonas_3	0	0	0	0	0	0	0	0	0	0	0	0	0	0	0	0	0	0	0	0	0	0	0	0	0	0	0	0	0	0	0	0	5	0	0	0	0	0	0	2	5	0	0	0	0	0	0	39	0	0	0	0	0	0	0	0	0
Veillonella	355	6957	16	4	836	27	9	9	1164	88	6594	237	235	25	0	8442	344	5546	1038	0	79	49	321	22	0	0	318	0	189	454	72	267	1974	430	625	1286	0	529	0	1121	3929	81	148	138	62	62	0	3670	3701	2548	21	180	54	92	5	748	1854
Fusobacterium	0	0	0	0	6	0	0	0	0	0	0	0	101	5	0	0	0	217	3	0	0	0	8	3	3	0	6	0	0	125	0	0	245	0	4	234	0	0	0	0	8	0	0	0	1062	0	0	0	0	0	0	0	0	0	0	18	8
Leptotrichia	0	0	0	0	0	0	0	0	26	0	7	0	0	0	0	0	0	0	0	0	0	0	0	0	0	0	0	0	0	0	0	0	0	0	0	0	0	0	0	0	42	0	0	0	0	0	0	0	0	0	0	0	0	0	0	0	12
Sneathia	0	0	0	0	0	0	0	0	0	0	0	0	18	0	0	0	0	0	0	0	0	0	0	0	0	0	0	0	0	0	0	0	0	0	0	0	0	0	0	0	0	0	0	0	0	0	0	0	4	0	0	0	0	0	0	0	0
Victivallis	0	0	5	0	0	0	0	0	0	0	0	0	0	0	0	0	0	0	0	0	0	0	0	0	0	0	0	0	0	0	0	0	0	0	0	0	0	0	0	3	0	0	3	0	0	0	8	0	0	0	0	0	0	3	0	0	0
Brevundimonas	0	0	0	0	0	0	0	0	0	0	0	0	0	0	0	0	0	0	0	0	0	0	0	0	0	0	0	0	0	0	0	0	0	0	0	0	0	0	0	0	0	0	0	0	0	0	0	0	0	0	12	0	0	0	0	0	0
Allorhizobium.Neorhizobium.Pararhizobium.Rhizobium	0	0	0	0	0	0	0	0	0	0	0	0	0	0	0	0	0	0	0	0	0	0	0	0	0	0	0	0	0	0	0	0	0	0	0	0	0	0	0	0	0	0	0	0	0	0	0	0	0	0	14	0	0	0	0	0	0
Neorhizobium	0	0	0	0	0	0	0	0	0	0	0	0	0	0	0	0	0	0	0	4	0	0	0	0	0	0	0	0	0	0	0	0	0	0	0	0	0	0	0	0	0	0	0	0	0	0	0	0	0	0	0	0	0	0	0	0	0
Shinella	0	0	0	0	0	0	0	0	0	0	0	0	0	0	0	0	0	0	0	0	0	0	0	0	0	0	0	0	0	0	0	0	0	0	0	0	0	0	0	0	0	0	0	0	0	0	0	0	0	0	75	0	0	0	0	0	0
Sphingopyxis	0	0	0	0	0	0	0	0	0	0	0	0	0	0	0	0	0	0	0	0	0	0	0	0	0	0	0	0	0	0	0	0	0	0	0	0	0	0	0	0	0	0	0	0	0	0	0	0	0	0	18	0	0	0	0	0	0
Parasutterella	0	343	0	0	0	12	3	21	0	0	0	2	16	0	0	4	0	0	0	31	7	10	418	0	21	0	29	2926	13	1596	24	8	0	47	0	0	0	0	0	73	0	0	11	0	0	27	26	0	26423	32	217	11361	35	41	51	10	0
Sutterella	19	0	0	84	8	27	36	10	0	12	0	0	1027	0	0	46	0	0	0	0	0	0	75	50	8	14	310	1769	804	0	38	0	764	1401	49	0	17	0	11	0	5	16	354	26	32	0	0	83	0	436	213	1994	1684	12	2173	836	203
Xylophilus	0	0	0	0	0	0	0	0	0	0	0	0	0	0	0	0	0	0	0	0	0	0	0	0	0	0	0	0	0	0	0	0	0	0	0	0	0	4	0	0	0	0	0	0	0	0	0	0	0	0	0	0	0	0	0	0	0
Delftia	0	0	0	0	0	0	0	0	0	0	0	0	0	0	0	0	0	0	0	0	0	0	0	0	0	0	0	0	0	0	0	0	0	0	0	0	0	0	0	0	0	0	0	0	0	0	0	0	0	0	178	0	0	0	0	0	0
Oxalobacter	0	0	19	0	0	0	0	0	0	0	0	0	0	0	0	0	0	19	0	0	0	0	0	0	0	0	7	13	0	0	0	0	0	0	0	0	0	0	0	0	0	0	0	0	0	0	0	0	0	0	0	0	37	34	5	0	0
Eikenella	0	0	0	0	0	0	0	0	0	0	0	0	0	0	0	0	0	0	0	0	0	0	0	0	0	0	0	0	0	0	0	0	0	0	0	0	0	0	0	0	0	0	0	0	0	0	0	0	0	2	0	0	0	0	0	0	0
Neisseria	14	0	0	0	0	0	0	0	0	0	16	0	0	0	0	0	0	0	0	0	0	0	0	0	0	0	0	0	0	0	0	0	0	0	0	0	0	0	0	0	0	0	0	0	0	0	0	0	0	0	0	0	0	0	0	0	0
Desulfobulbus	0	0	0	0	0	0	0	0	0	0	0	0	0	0	0	0	0	0	0	0	0	0	0	0	0	0	0	0	0	0	0	0	10	0	0	0	0	0	0	0	0	0	0	0	0	0	0	0	0	0	0	0	0	0	0	0	0
Bilophila	4	0	12	103	0	32	4	283	6	44	16	436	1377	35	0	4	0	8	0	0	71	357	253	16	0	15	199	911	887	0	992	9	60	159	0	0	0	0	56	33	45	13	310	0	668	18	98	89	273	411	182	54	10	8	213	0	33
Desulfovibrio	0	0	262	0	2298	0	178	0	0	0	8	162	2715	0	0	2	0	539	80	112	0	0	14	0	4	0	1529	0	1501	0	0	24	0	17	0	0	93	0	278	278	0	0	0	6	0	228	515	0	0	0	746	209	1399	168	134	23	380
Campylobacter	0	3	0	5	0	0	0	0	0	0	0	0	16	0	0	0	0	5	0	0	6	14	0	0	0	0	6	0	0	0	0	2	4	0	14	0	0	3	0	0	0	0	0	0	3	0	0	0	0	0	0	0	0	0	0	0	2
Helicobacter	0	0	0	0	0	0	0	0	0	0	0	0	0	0	0	0	0	0	0	0	0	0	0	0	0	0	0	0	0	0	0	0	0	0	0	0	0	0	0	0	0	0	0	0	2	0	0	0	0	0	0	0	0	0	0	0	0
Succinivibrio	0	0	0	0	49	0	0	0	0	0	0	0	0	0	0	10	0	0	0	21	0	0	0	0	0	0	0	0	0	0	0	0	0	0	0	0	0	0	0	0	0	0	0	0	0	0	0	215	0	0	0	0	0	0	0	0	0
Cardiobacterium	0	0	0	0	0	0	0	0	0	0	0	0	0	0	0	0	0	0	4	0	0	0	0	0	0	0	0	0	0	0	0	0	0	0	0	0	0	0	0	0	0	0	0	0	0	0	0	5	0	0	0	0	0	0	0	0	0
Atlantibacter	0	0	0	0	0	0	0	0	0	0	0	0	0	0	0	0	0	0	0	0	0	0	0	0	0	0	0	0	0	0	0	0	0	0	0	0	0	4	0	0	0	0	0	0	0	0	0	0	0	0	0	0	0	0	0	0	0
Buttiauxella	0	0	0	0	0	0	0	0	0	0	0	0	0	0	0	105	0	0	0	0	0	0	0	0	0	0	0	0	0	0	0	0	0	0	0	0	0	0	0	0	0	0	0	0	0	0	0	0	0	0	0	0	0	0	0	0	0
Citrobacter	0	0	0	161	583	30	0	0	0	0	0	0	330	84	0	0	469	979	0	0	0	0	0	0	0	0	0	0	1440	272	115	0	0	154	0	73	0	2440	0	0	0	0	0	0	0	0	0	0	0	110	0	0	0	0	0	210	0
Enterobacter	0	0	0	0	0	0	0	0	0	0	0	0	0	0	0	0	0	98	0	0	0	0	0	0	0	0	0	0	0	0	0	0	0	0	0	0	0	0	0	0	0	0	0	0	0	0	0	0	0	0	0	0	0	0	0	0	0
Escherichia.Shigella	279	41229	12497	10174	10972	71	340	2458	22010	3483	3733	1305	29897	1704	15478	63	0	24477	221	11368	166	31	977	2403	4654	2099	415	10307	3443	18508	16772	22102	12842	1033	3365	3103	29	1312	313	4509	125	11481	239	9065	218	6017	45	371	1242	389	1802	1931	532	6423	169	1619	27
Klebsiella	238	0	130	131	21350	0	74	14	0	156	200	14	378	241	25	3255	3411	4619	30	677	38	19	25	0	960	0	0	0	2612	1332	302	80	2105	166	144	47	0	914	100	119	467	0	0	759	0	22	0	0	2852	297	58	161	34	49	46	203	0
Plesiomonas	0	0	0	0	14	0	0	0	0	0	0	0	0	0	0	0	0	0	0	0	0	0	0	0	0	0	0	0	0	0	0	0	0	0	0	0	0	0	0	0	0	0	0	0	0	0	0	0	0	0	0	0	0	0	0	0	0
Proteus	0	0	0	0	0	0	0	0	0	0	0	0	0	0	0	0	0	0	0	0	0	0	0	0	0	0	0	0	0	0	0	0	0	0	0	0	0	0	0	0	0	0	0	0	0	0	0	0	0	0	0	3	0	0	0	0	0
Providencia	0	0	0	0	0	0	0	0	0	0	0	0	0	0	0	0	0	0	0	0	0	0	0	0	0	0	0	0	0	0	0	0	101	0	0	0	0	0	0	0	0	0	0	0	0	0	0	0	0	0	0	0	0	0	0	0	0
Pseudocitrobacter	0	0	0	0	30	0	0	0	0	0	0	0	0	0	0	0	0	0	0	0	0	0	0	0	0	0	0	0	0	0	0	0	0	0	0	0	0	0	0	0	0	0	0	0	0	0	0	0	0	0	0	0	0	0	0	0	0
Raoultella	0	0	0	0	0	0	0	0	0	0	0	0	0	0	0	0	0	256	0	0	0	0	0	0	0	0	0	0	0	127	0	0	0	0	0	0	0	70	0	0	0	0	0	0	0	0	0	0	0	0	0	0	0	0	0	312	0
Rosenbergiella	0	0	0	0	0	0	0	0	0	0	0	0	0	0	0	0	0	0	0	0	0	0	0	0	0	0	0	0	0	0	0	0	21	0	0	0	0	0	0	0	0	0	0	0	0	0	0	0	0	0	0	0	0	0	0	0	0
Hafnia.Obesumbacterium	0	0	0	0	0	0	0	0	0	0	0	0	0	0	0	0	0	0	0	0	0	0	0	0	0	0	0	0	0	0	0	0	0	0	0	0	0	0	0	14	0	0	0	0	0	0	0	0	0	0	0	0	0	0	0	17	0
Chromohalobacter	0	0	0	0	0	0	0	0	0	0	0	0	0	0	0	0	0	0	0	0	0	0	0	0	0	0	0	0	0	0	0	0	0	0	0	0	0	0	0	0	0	0	0	0	0	0	0	5	0	0	0	0	0	0	0	0	0
Actinobacillus	0	0	0	0	0	0	0	0	0	0	0	0	0	0	0	32	0	0	23	0	0	0	0	0	0	0	0	0	0	0	0	0	0	0	0	0	0	0	0	0	0	0	0	0	0	0	0	0	10	0	0	0	0	0	0	0	0
Aggregatibacter	0	0	0	0	0	0	0	0	0	0	0	0	0	0	0	42	0	0	0	0	0	0	0	0	0	0	0	0	0	0	0	0	0	0	0	0	0	0	0	0	0	0	0	0	0	0	0	0	0	0	0	0	0	0	0	0	0
Cricetibacter	0	0	0	0	0	0	0	0	0	0	0	0	0	0	0	0	0	0	0	0	0	0	0	0	0	0	0	0	0	0	0	0	0	0	0	0	0	0	0	0	0	0	0	0	0	0	0	0	0	0	0	0	0	0	0	0	2
Haemophilus	634	83	9	0	4	16	3	0	110	0	343	138	245	19	0	19614	23151	4197	12387	14	0	6	195	2	12	0	67	6	14	15	0	112	593	374	11	1268	0	28	0	351	133	13	6	64	143	25	6	355	4364	234	33	866	63	489	16	1690	147
Acinetobacter	0	0	0	0	2	0	0	0	0	44	0	0	0	0	0	0	0	5	0	0	0	0	17	0	2	0	0	0	0	31	0	0	2	0	0	0	0	0	0	0	0	0	0	0	0	0	0	0	0	0	0	0	0	0	0	0	0
Enhydrobacter	0	0	0	0	0	0	0	0	3	0	0	0	0	0	0	0	0	0	0	0	0	0	0	0	0	0	0	0	0	0	0	0	0	0	0	0	0	0	0	0	0	0	0	0	0	0	0	0	0	0	0	0	0	0	0	0	0
Psychrobacter	0	0	0	0	0	0	0	0	0	0	0	0	3	0	0	0	0	0	0	0	0	0	0	0	0	0	0	0	0	0	0	0	0	0	0	0	0	0	0	0	0	0	0	0	0	0	0	0	0	0	0	0	0	0	0	0	0
Pseudomonas	0	0	0	0	62	0	0	0	0	0	0	0	0	0	0	0	0	0	0	2	0	0	0	0	0	0	0	0	0	0	0	0	0	0	12	0	0	0	0	0	0	0	0	0	0	0	0	0	0	0	9	9	0	0	0	9	0
Pseudoxanthomonas	0	0	0	0	0	0	0	0	0	0	0	0	0	0	0	0	0	0	0	0	0	0	0	0	0	0	0	0	0	0	0	0	0	0	0	0	0	0	0	0	0	0	0	0	0	0	0	0	0	0	0	0	0	0	0	3	0
Candidatus_Saccharimonas	0	0	0	0	0	0	3	0	0	0	0	0	12	0	0	0	0	0	0	0	0	0	0	0	0	0	0	0	0	6	3	0	0	0	0	0	0	0	0	0	0	0	0	0	0	0	0	0	0	0	0	0	0	0	0	0	2
Treponema_2	0	0	0	0	0	0	0	0	0	0	0	0	0	0	0	0	0	0	0	0	0	0	0	0	0	0	0	0	0	0	0	0	0	0	0	0	0	0	0	0	0	56	0	0	0	0	0	0	0	0	0	0	0	0	0	0	0
Cloacibacillus	0	0	0	0	0	0	0	0	0	0	0	0	0	0	0	0	0	0	0	0	0	0	4	0	0	0	0	0	0	0	0	0	0	0	0	0	0	0	0	0	0	0	0	0	2	0	34	0	0	0	0	0	0	0	4	0	0
Fretibacterium	0	0	0	0	0	0	0	0	0	0	0	0	0	0	0	0	0	0	0	0	0	0	0	0	0	0	0	0	0	0	0	0	11	0	0	0	0	0	0	0	0	0	0	0	0	0	0	0	0	0	0	0	0	0	0	0	0
Pyramidobacter	0	0	0	0	0	0	0	0	0	0	0	0	0	0	0	0	0	0	0	0	0	0	9	0	0	0	0	0	183	0	0	0	0	0	8	0	0	0	0	0	0	0	0	20	0	0	0	0	0	0	0	0	0	0	0	0	0
Anaeroplasma	0	0	0	0	0	0	5	0	0	0	0	0	0	0	0	0	0	0	0	0	0	0	0	0	0	0	67	0	0	0	0	0	0	0	0	0	0	0	0	20	0	0	0	0	0	0	0	0	0	0	0	0	0	0	0	0	0
Akkermansia	2769	231	4929	6	0	21084	195	21	198	4580	1009	3551	1745	9719	529	8	0	5	0	69	0	6579	31	12117	1239	16	1765	1799	11350	0	11	0	0	1412	14	16	25	13	0	16720	1103	5776	603	306	106	378	2783	2170	8900	49	21	397	1138	18	5224	1448	7960
