	sample_30189	sample_30206	sample_30221	sample_30234	sample_30423	sample_30487	sample_30489	sample_30534	sample_30588	sample_30598	sample_30599	sample_30621	sample_30659	sample_30705	sample_30768	sample_30817	sample_30841	sample_30847	sample_30850	sample_30900	sample_30901	sample_30905	sample_30928	sample_30986	sample_30992	sample_30995	sample_30996	sample_31047	sample_31058	sample_31083	sample_31132	sample_31151	sample_31180	sample_31188	sample_31213	sample_31250	sample_31253	sample_31275	sample_31287	sample_31309	sample_31395	sample_31419	sample_31421	sample_31426	sample_31429	sample_31465	sample_31507	sample_31517
Methanobrevibacter	5	0	6	1049	0	1110	5827	0	0	0	306	13	2325	9	5	3964	10	0	12	8	40	0	5	9	5	0	0	4	0	0	27	0	1336	0	162	4902	297	0	5	15736	0	0	2864	0	4	41800	2	0
Methanosphaera	0	0	0	0	0	0	206	0	0	0	0	0	0	0	0	105	0	0	0	0	0	0	0	0	0	0	0	0	0	0	0	0	0	0	0	0	6	166	0	0	0	0	0	0	0	0	0	0
Actinomyces	58	3	6	0	0	86	38	4	5	2	0	93	6	27	21	12	54	145	207	13	0	33	0	100	254	38	0	22	88	4	75	0	0	8	8	17	44	0	0	25	10	0	36	42	37	0	0	0
Actinomyces_sp._oral_taxon_848_str.F0332	0	0	0	0	0	5	0	0	0	0	0	0	0	0	0	0	0	5	0	0	0	0	0	0	0	9	0	0	0	0	0	3	0	0	0	0	0	0	0	0	0	0	0	0	0	0	0	0
Mobiluncus	0	0	3	0	0	0	0	0	0	0	0	0	0	0	0	0	0	0	0	0	0	0	0	21	0	0	0	0	0	0	0	0	0	0	0	0	0	0	0	0	0	0	0	0	0	0	0	0
Alloscardovia	0	0	0	0	0	0	0	0	0	0	0	0	0	0	0	0	0	0	0	0	0	19	0	0	0	0	0	0	0	0	0	0	0	0	0	0	0	0	0	0	0	0	0	0	0	0	0	0
Bifidobacterium	3865	36	1508	835	370	3583	9580	1789	2375	19	291	1373	0	513	2412	1560	6594	4222	2519	13079	200	964	0	688	228	9438	388	1103	10703	5753	40	786	0	498	196	1183	79	55	1054	3820	698	482	0	8	200	53	212	17436
Gardnerella	0	0	0	0	0	0	0	0	0	0	0	0	0	0	0	0	0	0	0	0	0	0	0	0	0	56	0	0	0	0	0	0	0	0	0	0	0	0	0	0	0	0	0	0	0	0	0	0
Parascardovia	0	0	0	0	10	0	0	0	0	0	0	0	0	0	0	0	0	0	0	0	0	0	0	0	0	0	0	0	0	0	0	0	0	0	0	0	0	0	0	0	0	0	0	0	0	0	0	0
Scardovia	0	0	0	0	21	0	0	0	4	0	0	0	6	0	0	0	0	0	0	0	0	6	0	11	33	17	0	0	0	0	0	0	0	0	0	0	0	0	0	8	5	3	4	15	0	0	0	0
Corynebacterium	16	0	0	0	0	0	0	0	0	0	0	0	0	0	0	0	0	0	5	2	0	0	0	0	0	0	0	0	0	0	0	0	0	0	0	0	0	0	0	0	0	0	3	0	0	0	0	0
Corynebacterium_1	0	0	25	0	0	0	0	0	0	0	0	0	0	21	0	0	0	3	0	0	0	0	0	143	0	0	0	0	0	0	0	0	0	0	0	0	0	0	0	0	0	0	0	0	0	0	0	0
Lawsonella	17	0	0	0	0	0	0	0	0	0	0	0	0	0	0	0	0	0	0	0	0	0	0	18	0	0	0	0	105	0	0	0	0	0	0	0	0	0	0	0	0	0	0	0	0	0	0	0
Brevibacterium	0	0	0	0	0	0	0	0	0	0	0	0	0	0	0	0	0	0	0	0	0	0	0	19	0	0	0	0	0	0	0	0	0	0	0	0	0	0	0	0	0	0	0	0	0	0	0	0
Clavibacter	0	0	0	0	0	0	0	0	5	0	0	0	0	0	0	0	0	0	0	0	0	0	0	0	0	0	0	0	3	0	0	0	0	0	0	0	0	0	0	0	0	0	0	0	0	0	0	0
Pseudoclavibacter	0	0	0	0	0	0	0	0	0	0	0	0	0	0	0	0	0	0	0	0	0	0	0	15	0	0	0	0	0	0	0	0	0	0	0	0	0	0	0	0	0	0	0	0	0	0	0	0
Rothia	0	3	62	0	107	7	38	0	0	6	0	29	0	8	0	0	3	0	103	7	0	22	0	65	60	32	6	12	14	0	0	0	0	48	0	7	0	0	0	21	19	0	8	0	0	0	4	0
Cutibacterium	0	0	3	0	0	0	0	0	0	0	0	0	0	3	0	0	0	0	0	0	0	0	0	0	0	0	0	0	2	0	0	0	0	0	0	0	0	0	0	0	0	0	0	0	0	0	0	0
Propionibacterium	0	0	0	0	0	0	3	3	0	0	0	0	0	0	0	0	0	0	7	0	0	2	0	13	0	0	0	0	0	0	0	0	0	0	0	0	0	0	7	3	0	0	0	0	0	0	0	0
Pseudopropionibacterium	0	0	0	0	0	0	0	0	0	0	0	0	0	0	0	0	0	0	0	0	0	0	0	0	0	2	0	0	0	0	0	0	0	0	0	0	0	0	0	0	0	0	0	0	0	0	0	0
Libanicoccus	0	0	0	1084	0	0	2858	0	0	0	0	0	0	0	0	0	0	4	0	0	0	0	0	0	0	0	0	0	0	0	0	0	0	0	0	0	0	0	0	0	0	0	0	0	0	0	0	0
Adlercreutzia	0	0	0	0	55	30	0	0	0	0	31	0	28	0	0	105	0	0	0	0	0	0	0	0	746	0	0	0	0	84	0	94	0	25	0	172	0	0	7	254	0	20	89	0	22	0	0	0
Atopobium	5	0	11	0	7	199	6	0	3	0	0	12	0	0	0	14	21	38	34	0	17	33	0	32	99	0	0	6	0	0	6	0	0	0	0	4	0	0	7	0	9	0	7	24	8	96	0	0
Collinsella	2269	51	73	731	836	3343	2788	1547	913	49	242	1844	834	3042	596	5339	1150	11500	1699	3524	176	448	992	2220	22080	0	1647	536	0	301	11082	251	335	2476	699	1297	335	110	6961	4	165	626	2226	562	465	1863	758	0
Cryptobacterium	0	0	0	0	0	0	0	0	0	0	0	0	0	0	0	0	0	0	0	0	0	0	0	6	7	0	0	0	0	0	7	0	0	0	0	0	0	0	0	0	0	0	0	0	0	0	0	0
Denitrobacterium	0	0	0	0	0	0	0	0	0	0	0	0	0	0	0	0	0	0	0	0	0	0	0	0	0	0	0	0	0	0	0	0	0	0	0	0	0	0	0	0	0	18	0	0	0	0	0	0
Eggerthella	0	0	459	0	0	0	0	6	0	51	0	0	0	83	0	0	80	248	0	0	8	0	58	0	140	549	0	22	412	34	0	18	0	17	0	15	0	0	0	112	10	3	4	0	0	0	0	58
Enterorhabdus	0	0	0	687	0	0	1768	0	0	0	0	0	101	0	0	0	0	0	0	0	0	0	0	394	0	0	0	0	0	0	709	0	0	0	0	0	0	26	0	0	0	0	376	7	0	0	0	0
Gordonibacter	11	0	0	0	0	7	0	0	19	14	5	0	0	90	0	11	0	0	63	87	28	0	9	0	293	364	0	50	0	40	0	0	0	35	4	18	0	0	28	130	20	6	0	64	14	41	22	19
Olsenella	0	0	0	0	0	0	51	0	0	0	0	0	0	0	0	0	0	0	0	0	0	7	0	0	0	0	0	0	0	6	0	0	0	0	0	0	0	0	0	0	0	0	0	0	0	0	0	0
Senegalimassilia	0	26	0	264	815	1110	531	0	0	0	0	1220	1071	0	85	0	0	0	378	802	0	289	0	136	0	0	32	0	0	0	311	0	0	0	0	0	75	54	0	0	0	0	309	377	0	518	0	0
Slackia	0	0	16	216	1909	157	1164	0	0	12	152	1562	20	45	69	130	0	2	149	294	40	0	0	630	11	2287	0	260	0	96	907	0	0	0	38	0	27	0	20	47	38	0	675	45	0	0	105	0
Coriobacteriales_bacterium_DNF00809	0	0	0	30	13	0	0	0	0	0	8	0	6	0	0	25	0	0	0	143	4	63	0	12	0	0	26	0	0	15	0	0	5	0	0	0	0	0	0	0	6	0	12	10	0	26	0	142
Raoultibacter	0	0	0	0	0	0	10	8	0	0	0	0	0	5	0	9	17	0	0	8	0	0	0	0	0	55	0	0	0	0	0	0	0	0	0	12	0	0	0	30	0	0	0	0	0	8	0	0
Bacteroides	16176	12076	13395	1676	10630	352	6047	12881	2657	7992	42064	1962	2486	4360	2115	656	37755	7864	18465	29668	22489	3613	34058	1133	1591	18577	1964	2932	2266	597	364	5602	1817	19874	13640	3979	1053	3416	5382	3931	47248	37741	49089	30125	136887	36759	14991	6984
Phocaeicola	0	0	0	0	0	0	0	0	0	0	0	0	0	0	0	0	0	0	0	0	0	2	0	0	0	0	0	0	0	0	0	0	0	0	0	0	0	0	0	0	0	0	0	0	0	0	0	0
Barnesiella	99	1025	0	90	21	6	42	68	49	150	1131	0	11	861	182	171	0	2	391	1786	92	153	0	26	0	4227	199	0	12	23	10	0	133	0	928	43	64	86	289	89	2080	2019	2157	638	693	733	246	0
Butyricimonas	0	258	0	29	0	0	37	93	0	11	42	0	5	453	34	8	0	0	0	390	64	27	67	0	0	58	0	28	0	0	0	7	6	0	18	19	3	31	3	94	18	61	0	113	51	78	3	0
Coprobacter	15	0	0	0	0	0	0	0	0	3	76	0	4	0	0	0	0	0	0	5	0	0	0	0	0	105	0	0	0	0	0	0	0	4	0	0	3	19	0	0	58	394	73	0	42	0	12	0
Dysgonomonas	0	0	0	0	0	0	0	0	0	0	0	0	0	0	0	0	0	0	0	0	0	0	0	0	0	0	0	0	0	0	0	0	0	0	0	0	0	0	0	0	0	0	0	0	0	0	0	6
Odoribacter	30	74	0	0	10	0	16	63	13	12	213	0	30	113	78	6	231	82	339	335	311	16	33	9	0	20	0	15	0	0	0	3	6	44	126	268	29	23	9	84	783	334	1287	207	315	628	55	0
Parabacteroides	69	2328	161	357	799	62	446	715	112	148	713	135	89	3832	682	62	7391	315	403	609	1145	179	1002	928	52	128	93	518	126	0	10	1133	543	905	223	1855	25	598	14	169	1321	861	3670	2305	1137	1098	142	0
Porphyromonas	10	14	82	0	3	3	0	0	23	2	0	0	0	0	0	8	0	4	0	5	0	0	29	3621	0	71	7	0	1864	0	58	0	69	0	3	0	0	0	0	17	0	52	13	2	7	8	0	0
Proteiniphilum	0	0	0	0	0	0	0	0	0	0	0	0	0	0	0	0	0	0	0	0	0	0	0	0	0	0	0	0	0	0	0	0	4	0	0	0	0	0	0	0	0	0	0	0	0	0	0	0
Sanguibacteroides	0	0	0	0	0	0	0	0	0	0	0	0	0	0	0	0	0	0	0	0	0	0	0	0	0	0	0	0	0	0	0	0	0	0	0	0	0	0	0	0	0	26	0	0	0	0	0	0
Alloprevotella	0	0	3	2640	0	0	2382	0	0	0	0	0	0	0	0	0	0	0	0	21	0	0	0	1406	0	0	0	0	3	0	147	0	0	2	0	188	0	443	0	0	0	0	0	0	0	0	0	0
Paraprevotella	185	211	0	59	41	0	234	759	0	0	1808	0	1409	323	0	185	0	0	806	25	2559	0	228	76	366	0	0	0	0	289	102	35	183	0	997	132	70	63	0	727	1671	0	0	1350	895	33	4217	0
Prevotella	0	10	135	3	5	0	2	3	34	12	7	0	0	0	0	0	0	0	0	2	55	13	162	1712	145	52	3	10	234	0	0	0	5	0	0	0	0	3	0	0	0	0	38	0	155	242	0	0
Prevotella_2	0	0	1052	0	331	0	525	2	0	0	0	0	54	0	0	0	0	17	0	0	2582	0	4260	0	45	0	0	0	0	0	0	0	0	0	8	71	0	0	0	0	0	0	0	0	0	0	0	492
Prevotella_6	12	20	6	0	0	0	0	0	9	13	0	3	0	0	0	0	0	0	0	0	3	0	11	1855	0	0	0	14	25	0	7	0	0	0	0	0	0	0	0	0	0	0	119	0	8	21	0	11
Prevotella_7	0	0	898	1541	0	120	1317	0	0	0	0	0	0	0	0	0	0	9	0	0	0	21	0	4517	21	0	0	0	0	0	0	0	0	0	0	0	10	0	0	0	0	0	2032	0	0	0	0	0
Prevotella_9	56	0	0	14147	13583	1070	10451	37275	7	0	0	11476	0	310	6819	629	0	58	59	51	15	3238	184	2113	307	1480	140	24	9	0	32	0	813	27	15977	0	21	1969	642	1878	45	24	8039	5221	0	902	35	2471
Prevotellaceae_NK3B31_group	5	0	0	0	0	0	93	682	0	0	0	0	0	0	0	0	0	0	5	0	0	0	0	0	0	0	0	0	0	0	0	0	0	0	0	0	0	0	0	0	0	0	0	0	0	0	0	0
Prevotellaceae_UCG.001	0	0	0	0	0	0	0	0	0	0	0	0	0	0	0	0	0	0	0	0	0	0	0	0	0	0	0	0	0	13	0	0	0	0	0	0	0	2471	0	0	0	0	0	0	0	0	0	0
Prevotellaceae_UCG.003	0	0	0	0	0	0	0	0	0	0	0	0	0	0	0	0	0	0	0	0	0	0	0	0	0	0	0	0	0	0	30	0	0	0	0	0	0	0	0	0	0	0	0	0	0	0	0	0
Alistipes	880	3234	21	156	155	56	596	2978	152	367	2242	3	447	6573	1213	357	7855	420	3149	1266	5071	926	291	115	9	5352	1289	94	111	255	108	360	938	1934	2586	381	219	486	569	872	2872	8099	8853	5909	423	2958	2152	0
Rikenella	0	6	0	0	0	0	0	0	0	0	0	0	0	0	0	0	0	0	0	0	0	0	0	0	0	0	0	0	0	0	0	0	0	0	0	0	0	0	0	0	0	28	0	0	0	0	0	0
Rikenellaceae_RC9_gut_group	0	0	0	136	0	0	0	0	0	0	5	0	0	0	0	0	0	0	0	0	0	0	0	72	0	0	0	0	0	0	0	0	0	0	0	0	16	0	0	0	0	0	0	0	0	0	0	0
Ohtaekwangia	0	0	0	0	0	0	0	2	0	0	0	0	0	0	0	0	0	0	0	0	0	0	0	0	0	0	0	0	0	0	0	0	0	0	0	0	0	0	0	0	0	0	0	0	0	0	0	0
Cloacibacterium	0	0	0	0	0	0	0	0	0	3	0	0	0	0	0	0	0	0	0	0	0	0	0	0	0	0	0	0	0	0	0	0	0	0	0	0	0	0	0	0	0	0	0	0	0	0	0	0
Flavobacterium	0	0	0	0	0	0	0	10	0	0	0	0	0	0	0	0	0	0	0	0	0	0	0	0	0	0	0	0	0	0	0	0	0	0	0	0	0	0	0	0	0	0	0	0	0	0	0	0
Sediminibacterium	0	0	0	0	0	0	0	0	0	0	0	0	0	0	0	0	0	0	0	0	0	3	0	0	0	0	0	0	0	0	0	0	0	0	0	0	0	0	0	0	0	0	0	0	0	0	0	0
Nubsella	0	0	0	0	0	0	0	5	0	0	0	0	0	0	0	0	0	0	0	0	0	0	0	0	0	0	0	0	0	0	0	0	0	0	0	0	0	0	0	0	0	0	0	0	0	0	0	0
Sphingobacterium	0	0	0	0	0	0	0	20	0	0	0	0	0	0	0	0	0	0	0	0	0	0	0	0	0	0	0	0	0	0	0	0	0	0	0	0	0	0	0	0	0	0	0	0	0	0	0	0
Aeribacillus	0	0	0	0	0	0	0	0	0	0	0	0	0	0	0	0	0	0	0	0	0	0	0	0	0	0	0	0	2	0	0	0	0	0	0	0	0	0	0	0	0	0	0	0	0	0	0	0
Bacillus	0	0	0	0	0	0	0	0	4	0	0	0	0	0	0	0	0	0	0	0	0	0	0	0	0	0	0	0	0	0	0	0	0	0	0	0	0	0	0	0	0	0	0	0	0	0	0	0
Geobacillus	0	0	0	0	0	0	0	0	0	0	0	0	0	0	0	0	0	0	0	0	0	0	0	0	0	0	0	0	0	0	0	0	0	9	0	0	0	0	0	0	0	0	0	0	0	0	0	0
Exiguobacterium	0	0	0	0	0	0	0	0	0	0	0	0	0	0	0	0	0	0	0	0	0	0	0	0	0	0	0	0	0	0	0	0	0	3	0	0	0	0	0	0	0	0	0	0	0	0	0	0
Gemella	53	6	0	0	20	368	0	4	0	0	0	41	8	26	7	0	171	178	13	0	7	24	0	49	32	0	0	29	17	17	0	0	0	10	0	0	95	0	0	24	0	0	0	54	34	0	4	0
Macrococcus	0	0	0	0	0	0	0	0	0	0	0	0	0	0	0	0	0	0	0	0	0	0	0	0	90	0	0	0	0	0	0	0	0	0	0	0	0	0	0	0	0	0	0	0	0	0	0	0
Staphylococcus	0	0	0	0	0	0	0	0	0	0	0	0	0	0	0	0	0	0	0	4	0	0	0	0	43	0	0	0	0	0	0	0	0	0	0	0	0	0	0	0	0	0	0	0	0	0	0	0
Abiotrophia	0	0	0	0	0	0	0	0	0	0	0	0	0	0	0	0	200	14	0	0	0	0	0	0	0	0	0	7	0	0	0	0	0	0	0	0	0	0	0	0	0	0	0	0	0	0	0	0
Aerococcus	0	0	0	0	0	0	0	0	0	0	0	0	0	0	0	0	0	0	0	0	4	0	0	0	0	0	0	0	0	0	0	0	0	0	0	0	0	0	0	0	0	0	0	0	0	5	0	0
Facklamia	0	0	0	0	0	0	0	0	0	0	0	0	0	0	0	0	0	0	0	0	0	0	0	6	0	0	0	0	4	0	0	0	0	0	0	0	0	0	0	0	0	0	0	0	0	0	0	0
Granulicatella	0	0	14	0	18	0	0	0	0	0	0	49	20	23	0	0	23	59	0	0	0	76	0	47	147	0	0	55	44	0	10	0	0	12	0	0	35	0	0	13	0	0	0	0	0	0	0	0
Enterococcus	56	0	467	9	0	73	0	0	0	0	0	0	0	0	22	50	0	37	2089	0	0	26	0	0	2484	0	42	0	385	0	0	31	14	0	0	12	46	28	0	43	304	0	77	82	10	25	0	15
Vagococcus	0	0	0	0	0	0	0	0	0	0	0	0	0	0	12	0	0	0	0	0	0	0	0	0	0	0	0	0	0	0	0	0	0	0	0	0	0	0	0	0	0	0	0	0	0	0	0	0
Lactobacillus	323	0	419	84	9519	111	2404	454	2519	9	0	202	160	132	1307	0	31	666	177	168	0	2544	60	681	42	0	0	80	947	4	16	16	0	0	167	35	12	0	6	1435	1493	168	0	806	72	98	0	11
Pediococcus	0	0	0	0	0	0	0	0	0	0	0	0	0	0	0	0	0	0	0	0	0	0	0	0	0	0	0	0	0	0	0	0	0	0	0	0	0	0	0	0	0	0	0	0	8	0	0	0
Fructobacillus	0	0	6	0	0	0	0	0	0	0	0	0	0	0	0	0	0	0	0	0	0	0	0	0	0	0	0	0	4	0	0	0	0	0	0	0	0	0	0	0	0	0	0	0	0	0	0	5
Leuconostoc	123	0	3	7	0	14	0	0	0	21	0	151	6	44	178	13	18	3	175	6	0	0	0	0	57	0	0	0	0	0	0	0	8	0	0	33	8	0	4	140	0	0	0	32	7	0	0	0
Weissella	0	0	0	0	42	272	12	260	0	0	11	0	0	5	0	273	28	0	0	11	0	0	0	707	2290	0	29	21	9	333	3	0	0	134	0	73	0	2	0	0	149	0	0	860	200	0	0	17
Lactococcus	301	0	3	14	0	51	0	58	0	24	9	249	0	0	8	557	0	10	22	0	0	41	0	0	222	0	0	24	13	20	0	35	0	0	12	0	617	0	0	149	24	0	0	1606	10	10	0	45
Streptococcus	876	28	504	57	868	8994	128	630	571	90	168	5010	86	830	490	646	592	2173	3774	26	64	5682	6	8651	21227	326	236	281	1113	628	176	144	16	625	53	844	1047	95	129	3007	2555	38	5162	9301	312	127	159	137
Catabacter	0	0	0	0	0	0	0	44	0	0	6	0	14	8	0	0	0	0	14	2	0	0	0	0	0	0	0	0	0	0	0	0	0	0	0	0	0	0	0	0	0	0	0	0	0	0	12	0
Christensenella	0	0	0	0	0	0	0	0	0	82	0	0	0	0	0	12	11	0	0	0	5	23	0	9	0	52	0	41	0	0	0	0	7	0	0	0	0	0	0	13	0	0	0	0	0	16	0	0
Christensenellaceae_R.7_group	345	13676	4	3120	950	443	899	1739	7652	4225	385	94	2437	194	808	1434	62	8	3331	767	1776	471	8	1156	17	11	1060	164	14	870	408	3	1051	299	1692	196	1703	3000	414	2480	2379	3949	623	5596	261	1262	1044	950
Clostridium_CAG.352	0	0	0	0	0	0	0	0	768	0	0	0	0	0	0	0	0	0	0	0	0	0	0	0	0	0	0	0	0	0	0	0	3	0	0	0	0	0	0	0	0	0	0	0	0	0	0	0
Clostridium_sensu_stricto_1	4989	2774	5	93	60	174	2975	6272	2974	0	69	295	60	10	654	10668	5881	55	6088	70	444	140	565	134	0	0	601	0	73	2212	1632	3322	211	1175	119	62	5095	1958	1754	1135	4246	1137	17	20	2001	107	43	246
Clostridium_sensu_stricto_13	0	0	0	0	0	0	0	0	0	0	0	0	0	0	0	0	0	0	0	0	0	0	0	0	0	0	0	0	0	0	0	0	0	0	0	0	53	0	0	0	0	0	0	0	0	0	0	0
Sarcina	0	0	0	0	0	0	0	291	0	0	0	0	0	0	0	53	0	0	0	0	0	0	0	0	0	0	0	0	0	40	18	254	0	0	0	0	0	0	0	0	153	0	0	0	0	0	0	0
Clostridiales_bacterium_S5-A14a	0	0	0	0	0	0	0	0	9	0	0	0	0	0	0	0	0	0	0	0	0	0	0	583	0	0	0	0	26	0	0	0	0	0	0	0	0	0	0	0	0	0	0	0	0	0	0	0
Defluviitaleaceae_UCG.011	0	0	0	84	36	0	9	11	0	0	0	0	12	0	0	0	0	0	0	0	0	0	0	0	0	0	0	0	0	0	0	0	0	0	22	0	0	0	0	0	0	6	0	0	0	0	0	0
Anaerofustis	0	0	0	24	0	0	0	0	0	0	0	0	0	0	0	6	6	0	6	0	0	0	0	0	0	0	0	7	0	0	0	0	2	0	0	0	0	36	0	0	0	0	0	0	0	0	0	0
Eubacterium	0	0	0	0	0	14	0	0	0	0	0	0	0	0	0	0	0	7	0	0	0	0	0	0	62	0	0	0	0	18	0	0	0	0	0	0	0	5	0	2	0	2	0	0	0	0	0	0
Anaerococcus	0	0	26	0	0	0	0	0	0	0	0	0	0	0	0	0	0	0	0	0	0	0	0	286	0	0	0	0	1227	0	4	0	0	0	0	0	0	0	0	4	0	0	0	0	4	44	0	0
Ezakiella	0	0	15	0	0	3	5	0	17	24	0	0	0	0	0	0	0	0	0	0	4	0	31	4853	0	13	9	0	1499	0	208	0	52	0	0	93	0	0	0	130	0	3	10	0	0	122	0	0
Finegoldia	5	0	5	0	0	0	0	0	2	0	0	0	0	0	0	0	0	8	0	0	0	0	0	116	0	0	0	0	315	0	0	0	0	0	0	0	0	0	0	0	0	0	0	0	6	0	0	0
Gallicola	0	0	0	0	0	0	0	0	0	0	0	0	0	0	0	0	0	0	0	0	0	0	0	48	0	0	0	0	10	0	0	0	0	0	0	0	0	0	0	0	0	0	0	0	0	0	0	0
Parvimonas	8	0	0	0	6	5	0	0	0	0	0	3	0	0	0	0	2	0	0	0	3	0	15	13	20	0	3	0	0	0	0	5	0	0	0	0	7	31	0	0	0	0	0	0	0	106	0	0
Peptoniphilus	0	0	0	0	0	0	0	0	5	2	0	0	0	0	0	0	0	0	0	0	0	0	30	659	2	0	2	0	1734	0	4	0	0	0	0	0	0	0	0	24	0	0	0	0	4	40	0	0
Family_XIII_AD3011_group	97	50	24	170	103	288	391	149	339	94	87	18	21	107	33	213	458	6	244	197	8	133	0	52	1331	11	15	78	0	215	15	12	49	14	192	78	170	18	33	1708	25	118	169	72	39	349	14	276
Mogibacterium	0	0	5	0	0	41	17	5	3	0	0	9	0	0	0	15	20	8	6	0	0	11	0	108	45	0	0	2	40	0	0	0	0	0	0	0	8	13	0	924	0	4	0	12	9	0	0	0
Murdochiella	0	0	3	0	0	0	0	0	0	0	0	0	0	0	0	0	0	0	0	0	0	0	0	415	0	0	0	0	459	0	0	0	0	0	0	0	0	0	0	0	0	0	0	0	0	0	0	0
Agathobacter	11549	298	2511	1741	4254	4478	2660	10220	5189	759	5978	11280	967	976	1681	2461	7618	2854	1426	345	5110	1355	52	7090	1746	220	2834	849	12977	2280	482	1271	1309	2852	6680	566	2991	656	7480	2221	7970	1351	6055	1624	1980	88	4212	488
Anaerostipes	766	370	3656	38	61	511	168	803	519	80	659	2215	24	0	390	399	6822	177	2178	1199	61	66	95	22	1043	90	13	1767	3283	885	48	822	18	23	42	79	313	25	67	536	525	151	1049	358	392	81	92	109
Blautia	12137	1669	6833	711	361	4672	2258	1578	8765	407	2553	4479	446	73	1043	2652	20909	7077	13556	1092	662	2298	130	1570	16898	193	359	2265	5887	3244	253	1829	243	431	595	1385	4312	432	1289	1699	2516	2431	3200	4551	1402	227	1100	1490
Butyrivibrio	0	0	0	0	0	8	171	0	0	0	0	0	0	0	90	786	0	0	12	27	0	0	0	0	0	0	0	0	0	0	0	0	0	0	0	0	222	696	0	0	0	1036	20	0	0	0	0	0
Cellulosilyticum	0	0	0	0	0	0	0	2	0	0	0	0	0	0	0	0	0	0	0	0	0	0	0	0	0	0	0	0	0	0	0	0	0	0	0	0	96	0	0	0	0	0	0	0	0	0	0	0
Coprococcus_1	63	68	0	45	11	70	133	105	247	168	57	78	31	0	23	130	73	0	445	160	13	117	8	56	298	0	17	60	12	132	21	63	44	25	77	37	97	17	26	166	100	187	107	149	151	155	56	69
Coprococcus_2	0	173	0	127	866	70	902	0	524	0	0	75	0	0	0	605	0	0	2285	20	1169	499	0	70	0	0	765	0	0	562	0	96	0	270	322	0	70	31	200	216	1592	82	4154	220	0	140	0	270
Coprococcus_3	238	76	10520	157	23	258	362	244	272	64	0	321	236	29	78	342	1808	138	489	87	97	316	199	131	203	0	89	195	112	280	63	119	155	154	463	30	169	271	506	244	771	255	2084	888	685	252	206	824
Dorea	987	157	4505	491	247	2771	1044	875	771	81	381	1535	612	144	175	766	5101	6705	3896	415	350	444	112	345	4124	65	181	244	1475	2826	159	281	208	84	1315	428	792	173	318	2900	696	314	2092	996	1021	208	204	1289
Eisenbergiella	0	0	0	0	0	0	0	0	0	256	42	0	75	0	0	0	0	6	0	0	0	0	0	0	0	28	0	108	0	0	0	0	4	0	0	23	0	0	0	0	0	0	4	0	0	2319	79	51
Epulopiscium	0	0	0	0	0	0	0	0	0	0	0	0	0	0	0	0	0	0	0	0	0	0	0	0	0	0	0	0	0	0	0	0	0	0	0	0	453	0	0	0	0	0	0	0	0	0	0	0
Fusicatenibacter	3102	186	486	342	44	666	119	791	221	126	90	1571	165	28	136	585	3221	8881	3187	105	50	406	0	762	2518	37	21	103	1719	1041	133	728	64	93	212	79	350	111	357	146	961	265	1019	406	672	62	170	113
GCA.900066225_genus	0	43	0	64	6	0	203	7	6	61	43	0	9	0	7	29	0	0	0	0	20	0	0	8	0	0	0	0	0	84	0	0	14	0	42	16	0	67	0	41	0	57	22	27	0	450	0	67
GCA.900066575_genus	0	0	20	12	13	0	21	24	7	23	20	0	0	0	0	0	0	0	0	0	48	13	6	25	0	0	8	38	0	0	0	0	19	0	32	0	0	0	0	0	18	29	9	48	0	0	39	0
GCA.900066755_genus	0	0	0	0	0	0	0	0	0	0	0	0	0	0	0	0	0	0	0	0	0	0	0	0	0	0	0	0	0	0	0	0	0	0	6	0	0	0	0	0	6	0	0	0	0	0	0	0
Howardella	0	0	0	256	197	0	259	0	0	0	122	0	74	0	0	0	0	0	0	0	0	56	0	19	0	0	0	0	0	0	104	0	47	0	0	0	0	0	0	0	0	0	0	0	0	67	42	0
Hungatella	0	0	0	0	0	0	0	0	0	0	0	0	0	0	0	0	0	28	0	468	0	0	0	0	0	0	0	0	0	0	0	0	0	0	0	1728	0	0	0	0	0	0	0	0	0	799	0	53
Lachnoanaerobaculum	0	0	0	0	0	0	0	0	0	0	0	0	0	0	0	0	0	0	0	0	0	0	0	6	0	0	0	0	0	0	0	0	0	0	0	0	0	0	3	0	0	0	0	0	0	0	0	0
Lachnoclostridium	148	53	507	35	7	0	54	34	0	1422	358	69	170	372	0	0	94	1614	119	0	431	268	356	359	0	102	460	1002	9	88	109	0	158	290	1004	72	25	9	713	129	243	270	224	308	937	980	9260	412
Lachnospira	424	100	194	487	606	31	197	187	29	5587	4747	276	208	506	22	68	206	24	305	106	1023	135	1947	94	42	1880	673	27	28	351	79	50	1345	235	885	29	34	32	358	152	639	313	425	1372	341	30	464	336
Lachnospiraceae_AC2044_group	14	385	0	183	8	0	135	0	0	318	0	0	139	0	37	51	0	0	169	166	221	0	0	10	0	0	0	0	0	0	0	0	33	0	0	25	0	517	0	28	0	763	1030	204	0	1062	0	17
Lachnospiraceae_FCS020_group	49	11	0	48	15	44	145	122	81	60	0	181	0	0	40	67	20	9	109	0	15	38	8	80	110	0	22	0	11	41	0	37	18	8	0	14	59	29	39	93	39	52	27	42	28	0	27	33
Lachnospiraceae_NC2004_group	0	0	0	0	0	0	0	0	0	0	0	0	0	0	0	0	0	0	0	0	0	0	0	0	0	0	0	0	0	0	0	0	0	0	0	978	0	0	0	0	0	37	0	0	0	0	0	0
Lachnospiraceae_ND3007_group	166	21	0	238	0	0	30	49	96	16	0	51	0	0	0	32	0	5	0	7	0	230	135	52	0	0	18	0	6	53	27	277	80	21	57	0	77	0	250	155	184	7	0	80	92	6	24	0
Lachnospiraceae_NK4A136_group	428	1226	0	7205	1032	76	804	207	344	1566	682	499	1333	662	413	448	176	12	1242	263	3764	81	307	1818	72	538	504	18822	0	415	207	208	2304	7798	3662	207	61	716	2040	312	568	1295	2225	1188	567	3883	2942	14916
Lachnospiraceae_NK4B4_group	0	0	0	13	0	0	18	14	0	56	0	0	30	0	0	57	0	0	0	29	0	23	0	0	0	0	13	0	0	35	0	0	0	0	0	0	0	0	0	0	0	509	0	0	0	43	0	0
Lachnospiraceae_UCG.001	1146	14	0	14	16	0	40	51	63	24	238	0	0	131	0	21	13	0	130	0	110	30	0	92	51	0	19	0	0	217	0	20	16	85	80	0	0	21	86	65	226	109	0	39	35	0	30	0
Lachnospiraceae_UCG.002	0	0	0	4	0	0	0	0	0	49	0	0	0	0	0	0	0	0	0	0	0	0	0	0	0	0	0	0	0	0	0	0	0	0	0	0	0	0	0	0	0	0	0	0	0	0	0	0
Lachnospiraceae_UCG.003	1517	0	0	63	4	0	0	0	0	0	0	0	0	0	0	0	0	0	244	0	729	0	14	0	0	0	0	0	0	0	0	0	0	0	0	0	0	0	0	0	59	55	0	15	0	0	0	0
Lachnospiraceae_UCG.004	10	0	8	0	0	0	38	0	0	66	70	0	0	0	0	0	28	4	0	0	42	59	0	0	0	15	18	19	0	0	0	0	23	0	157	0	0	0	39	17	27	13	19	0	79	14	0	68
Lachnospiraceae_UCG.006	0	0	0	18	0	0	0	0	0	0	0	0	0	0	0	0	0	0	0	0	0	0	0	0	0	0	0	0	0	0	0	0	0	0	0	0	0	0	0	0	0	0	0	0	0	0	0	0
Lachnospiraceae_UCG.008	0	0	0	0	0	0	12	8	0	0	0	0	0	0	0	0	0	0	0	0	0	9	0	0	48	0	0	0	0	0	0	0	0	0	0	0	0	0	0	0	16	14	0	8	0	0	0	0
Lachnospiraceae_UCG.009	0	0	0	0	0	0	0	0	0	0	7	0	0	0	0	0	0	0	0	0	0	0	0	0	0	0	0	0	0	0	0	0	0	0	0	0	0	0	0	0	0	0	0	0	0	0	0	0
Lachnospiraceae_UCG.010	24	26	0	38	15	0	113	26	61	899	195	10	91	120	0	0	124	89	52	39	66	106	258	138	13	125	51	286	0	69	0	3	241	133	454	0	0	23	73	312	63	133	67	245	204	84	306	120
Marvinbryantia	289	27	0	61	0	31	53	9	27	215	21	54	15	0	17	237	75	0	120	0	0	33	0	33	157	0	16	0	0	36	0	0	7	0	0	0	283	25	22	37	83	95	41	52	0	23	17	0
Moryella	0	0	0	0	0	0	0	0	0	0	0	0	0	0	0	0	0	0	0	0	0	0	0	3	0	0	0	0	0	0	0	0	0	0	0	0	0	0	0	0	0	0	0	0	0	86	0	0
Oribacterium	0	0	0	0	0	0	0	0	0	0	0	0	8	24	0	0	0	20	0	0	0	0	0	17	0	0	0	0	0	0	0	0	0	0	0	0	0	0	0	0	0	0	0	0	0	0	0	0
Roseburia	3016	226	1408	993	8223	103	353	404	369	590	484	53	609	1117	131	330	1127	334	2416	414	4953	487	974	1496	145	296	2608	695	46	243	44	1078	970	1831	1633	209	71	400	3896	881	6901	870	3900	1856	10167	7867	1505	4193
Sellimonas	0	0	0	0	0	0	0	0	0	11	0	0	0	0	0	0	0	10	13	0	0	0	0	6	61	0	0	8	0	0	0	0	0	0	0	7	0	0	0	0	0	5	32	11	0	13	0	0
Shuttleworthia	0	14	0	0	0	0	53	0	0	0	0	0	0	0	0	0	0	0	0	0	172	0	0	0	0	0	0	0	0	0	0	0	0	84	0	0	0	0	0	0	0	0	0	0	0	0	0	0
Stomatobaculum	0	0	0	0	0	0	0	0	0	0	0	0	0	0	0	0	0	0	0	0	0	0	0	5	0	0	0	11	0	0	0	0	0	0	0	0	0	0	0	0	0	0	0	0	0	0	0	0
Tyzzerella	0	0	0	0	35	5	0	0	116	9	127	0	0	6	0	0	91	0	0	138	6	31	44	111	0	0	0	0	0	0	6	0	170	51	18	38	0	0	45	0	0	0	0	141	58	0	87	0
Tyzzerella_3	1261	0	0	0	13	8	7	0	33	230	120	0	0	124	0	0	0	0	2550	0	20	0	0	0	0	0	0	62	0	269	0	33	94	0	0	315	0	0	0	0	0	0	0	0	0	0	345	0
Tyzzerella_4	0	0	17	0	36	0	0	0	0	0	0	0	0	0	0	0	18	0	0	0	0	0	0	0	0	0	0	0	0	0	0	0	15	0	0	0	0	0	0	0	0	0	29	46	0	0	0	0
Peptococcus	0	0	0	60	17	377	172	0	0	0	0	0	0	0	0	0	0	0	0	0	0	0	0	0	0	0	0	0	15	0	0	0	0	0	0	0	0	58	0	2	0	0	0	0	0	3	0	0
Intestinibacter	0	199	0	0	0	8	84	940	367	0	44	130	0	0	213	2129	51	25	42	15	0	19	8	32	0	0	8	0	0	915	0	1418	0	17	22	0	1212	230	10	99	579	28	105	55	979	72	0	315
Peptoclostridium	0	0	0	0	0	0	0	0	0	0	0	0	0	0	0	0	0	0	0	0	0	0	0	0	0	0	0	0	0	0	0	0	0	0	0	0	0	0	0	0	0	0	0	1835	0	0	0	0
Peptostreptococcaceae_bacterium_oral_taxon_113_str._W5053	0	0	0	0	0	0	0	0	0	0	0	0	0	0	0	0	0	0	0	0	0	0	0	71	0	0	0	0	54	0	0	0	0	0	0	0	0	0	0	0	0	0	0	0	0	0	0	0
Peptostreptococcus	0	0	0	0	0	0	0	0	0	0	0	0	0	0	0	0	0	0	0	0	0	0	0	0	0	4	0	0	0	0	0	0	0	0	0	0	0	0	0	0	0	0	0	0	0	0	0	0
Romboutsia	1173	1327	0	81	14	261	909	2570	128	5	206	15	120	0	1748	4596	1059	340	865	247	182	18	0	263	5929	0	142	46	80	1412	608	684	36	1326	53	115	410	1889	74	486	356	139	1114	372	404	159	107	103
Terrisporobacter	0	190	0	0	0	9	65	18	33	0	161	265	0	0	14	134	12	0	297	0	0	0	0	0	0	0	9	0	0	235	0	1466	0	0	0	0	2472	139	0	58	141	0	1685	0	89	0	0	50
Anaerofilum	0	0	3	17	74	0	17	11	3	503	20	292	0	0	19	6	0	0	29	0	3	0	0	0	0	0	0	0	0	0	9	15	0	0	0	0	0	14	0	65	0	195	10	0	0	17	0	0
Anaerotruncus	0	18	0	0	0	0	5	0	0	5	6	0	0	0	0	0	0	0	0	0	0	0	0	0	0	0	0	5	0	0	0	0	32	0	0	0	0	0	0	0	0	0	8	111	0	43	0	0
Angelakisella	0	19	0	16	7	0	0	16	0	72	10	0	8	0	0	0	0	0	0	5	0	0	0	12	3	0	0	11	0	0	0	10	118	0	93	10	0	13	0	0	11	22	7	0	0	0	0	0
Butyricicoccus	0	17	1095	178	73	154	112	353	0	134	187	1437	94	208	110	326	0	78	0	49	416	176	111	490	27	253	278	252	47	287	53	105	75	196	362	0	0	17	298	341	242	83	355	358	138	16	350	190
Candidatus_Soleaferrea	0	0	0	53	0	0	0	0	0	4	0	0	6	0	0	0	0	0	0	0	0	0	0	0	0	13	0	0	0	0	0	0	0	0	0	0	0	0	0	0	0	0	0	0	0	8	0	0
Caproiciproducens	0	0	0	0	0	0	0	0	7	0	12	0	0	18	0	0	0	0	0	0	0	0	0	10	0	0	0	12	0	0	0	0	10	0	30	4	0	0	0	0	0	18	19	0	0	45	0	82
Faecalibacterium	16265	20851	5891	1593	1864	1696	4670	23768	20678	15307	6974	22057	2434	931	7538	1589	8502	256	11352	498	3938	508	2139	14761	5157	2557	15103	579	121	2456	3420	10838	7187	5300	3773	5162	1296	14891	4452	1854	3107	5432	3615	2764	4721	926	20565	4367
Faecalibacterium_sp.UBA1819	104	22	675	26	45	28	195	77	405	178	150	0	102	40	0	39	586	72	127	106	53	0	8	133	759	480	10	1627	0	64	0	15	272	52	92	123	28	12	83	32	116	50	60	219	22	2969	137	236
Fastidiosipila	0	17	9	0	0	0	0	0	0	0	0	0	0	0	0	0	0	0	0	0	0	0	0	57	0	0	0	0	92	0	0	0	0	0	3	0	0	0	0	0	0	0	0	0	0	0	0	0
Flavonifractor	0	30	617	9	0	0	53	33	17	105	60	0	0	150	8	0	53	43	62	66	255	0	1166	31	11	446	17	140	0	11	6	0	33	36	51	10	0	0	36	35	0	29	16	20	114	185	116	150
Fournierella	0	38	0	65	0	0	126	21	0	0	0	0	10	0	0	0	0	0	0	12	0	0	0	0	0	0	0	0	0	0	0	0	24	0	0	0	0	7	0	0	21	26	0	0	0	39	0	0
Hydrogenoanaerobacterium	0	0	0	0	0	0	0	5	0	0	0	0	0	0	0	0	0	0	0	0	0	0	0	0	0	0	0	0	0	0	0	0	0	0	0	0	0	0	0	0	0	0	0	0	0	64	0	0
Intestinimonas	0	17	649	0	0	0	34	91	45	120	65	0	8	35	0	7	4	0	29	73	70	0	0	0	206	360	13	116	0	0	0	46	21	0	92	91	0	0	0	7	5	35	172	0	11	88	14	0
Negativibacillus	114	0	0	28	0	0	0	27	0	0	109	0	135	10	0	0	0	0	0	0	0	20	0	100	0	0	0	0	0	94	5	0	0	33	277	223	36	79	12	34	57	99	0	270	175	0	0	0
Oscillibacter	26	51	3	131	11	0	410	45	88	273	210	0	47	232	0	20	11	8	10	25	95	0	14	45	10	1016	12	35	0	29	0	0	24	7	306	0	0	28	25	26	10	46	129	28	51	16	178	7
Oscillospira	0	0	0	81	0	0	33	0	0	17	0	0	0	0	0	0	0	0	0	0	0	0	0	0	0	21	0	0	0	0	0	0	0	0	59	0	0	0	0	0	0	35	16	62	0	12	0	0
Papillibacter	0	0	0	0	0	0	0	10	0	127	0	0	0	0	0	0	0	0	0	0	0	0	0	9	0	0	0	0	0	0	0	0	8	0	7	0	0	0	0	0	0	0	0	0	0	0	18	0
Phocea	0	0	0	0	0	0	0	0	0	0	7	0	0	0	0	0	0	0	0	0	0	0	0	0	0	0	0	0	0	0	0	0	0	0	6	0	0	0	0	0	0	8	0	18	19	0	0	0
Pseudoflavonifractor	0	0	0	0	0	0	0	0	0	0	0	0	0	0	0	0	0	0	0	0	0	0	0	0	0	0	0	0	0	0	0	0	0	0	0	0	0	0	0	0	0	3	0	0	0	0	0	0
Pygmaiobacter	0	0	0	0	0	0	0	0	0	0	0	0	0	0	0	0	0	0	0	0	0	0	0	0	0	0	0	0	0	0	0	0	0	0	20	0	0	0	0	0	0	0	0	0	0	0	0	0
Ruminiclostridium	0	0	0	0	0	0	0	0	0	0	0	0	0	0	0	0	0	0	0	0	0	0	0	0	0	0	0	0	0	0	0	0	0	0	18	0	0	0	0	0	0	0	0	0	0	0	0	0
Ruminiclostridium_5	232	780	1254	151	33	71	111	395	88	563	60	173	81	427	125	476	406	383	1857	78	217	353	107	217	24	327	338	2007	0	694	29	112	201	57	281	792	66	132	790	2914	298	968	334	322	202	358	439	167
Ruminiclostridium_6	579	10	0	522	44	4	115	958	240	805	7401	22	1027	0	49	97	0	6	2129	270	1269	0	0	0	0	111	164	20	0	366	15	181	112	0	717	135	111	0	0	1076	3148	120	3578	2101	0	1101	491	0
Ruminiclostridium_9	0	59	0	56	38	2	6	52	5	80	49	34	9	46	23	56	4	6	81	7	45	100	13	15	0	217	5	24	4	84	15	0	11	65	272	0	8	6	85	21	38	160	33	10	13	58	189	0
Ruminococcaceae_NK4A214_group	510	291	20	4376	688	105	3041	1528	0	3493	0	8	168	197	455	129	0	15	502	824	265	5592	0	1199	1814	0	284	493	0	414	9	93	2327	161	1835	3213	44	993	1398	546	472	2635	730	27	20	2423	75	6008
Ruminococcaceae_UCG.002	676	3478	4	6598	1286	173	8134	3028	5665	24727	229	19	240	7285	1659	719	135	19	905	5711	2571	1477	83	1719	1192	600	638	1245	9	1873	20	411	5129	526	6321	10113	224	3801	1192	1189	1218	9329	5268	7060	175	6015	2642	744
Ruminococcaceae_UCG.003	32	213	0	284	85	0	175	304	182	341	0	0	11	103	103	46	62	0	157	108	144	8	42	67	0	549	19	0	0	14	0	8	92	77	485	39	15	426	25	109	225	938	739	392	290	42	66	124
Ruminococcaceae_UCG.004	0	0	0	0	0	63	103	0	0	0	0	0	0	83	0	0	0	0	0	0	0	59	0	0	0	0	0	0	0	755	0	0	0	62	0	0	0	0	0	516	0	0	0	86	63	220	51	307
Ruminococcaceae_UCG.005	28	8145	0	1040	459	310	732	1078	3222	1890	22	13	608	159	1161	538	0	5	72	1226	103	698	18	125	581	0	63	93	0	562	45	122	1081	12	595	933	287	3571	55	195	442	1361	1253	614	26	972	136	347
Ruminococcaceae_UCG.007	0	0	0	0	0	0	0	0	0	0	6	0	0	0	0	0	0	0	0	0	0	0	0	0	0	0	0	0	0	0	0	0	0	0	0	0	0	0	0	0	0	0	0	0	0	69	0	0
Ruminococcaceae_UCG.008	0	0	0	11	0	0	9	0	0	0	0	0	0	0	0	0	0	0	0	0	0	0	0	0	0	0	0	0	0	15	0	105	5	0	0	10	0	0	0	0	0	0	0	0	0	0	0	0
Ruminococcaceae_UCG.009	0	0	0	0	0	0	11	0	16	19	0	0	0	0	0	0	0	0	0	0	0	0	18	0	0	0	11	0	0	41	0	0	16	0	255	0	0	0	0	0	0	0	11	0	0	0	66	0
Ruminococcaceae_UCG.010	0	95	0	622	216	16	327	173	717	702	0	0	47	0	129	186	0	0	0	112	104	4	0	21	4	0	49	0	0	31	0	0	108	4	106	672	10	5436	31	190	101	1272	538	430	0	440	0	0
Ruminococcaceae_UCG.011	0	0	0	0	0	0	46	0	0	152	0	0	0	0	0	0	0	0	0	0	0	0	0	0	0	0	0	3	0	0	0	0	41	0	9	0	0	0	0	0	0	0	12	0	0	402	0	0
Ruminococcaceae_UCG.013	746	113	0	817	41	459	755	2634	29	395	582	258	891	111	234	624	1263	24	1934	56	276	103	0	300	221	224	997	890	128	459	381	581	178	722	1101	80	232	170	538	2008	3142	722	188	1078	352	66	207	415
Ruminococcaceae_UCG.014	33893	2700	16	1863	3583	177	12487	0	4952	883	48	2560	1842	0	1296	3844	20	9	155	542	472	0	72	361	0	280	5644	113	162	906	62	358	381	5138	4091	47	747	2135	0	210	1769	7174	291	6985	194	0	31	4507
Ruminococcaceae_V9D2013_group	0	0	0	0	0	0	0	14	0	0	0	0	0	0	0	0	0	0	0	0	0	0	0	0	0	0	0	0	0	0	0	0	0	0	13	0	0	18	0	0	0	0	0	0	0	0	0	0
Ruminococcus_1	806	7178	3	510	140	142	1518	497	1212	236	1326	104	81	562	820	455	28	27	491	106	1095	57	0	643	319	650	485	553	6	571	14	923	1220	1449	671	2546	95	369	318	418	2283	2570	1027	341	58	15	1029	956
Ruminococcus_2	9743	172	277	2190	408	208	4744	1576	864	399	922	616	1644	1562	1570	1955	0	48	1704	2992	8695	1271	0	149	3487	0	5826	634	65	1645	4629	2603	5836	1860	1394	8716	2168	878	3478	6714	57647	3649	1277	2063	154	158	6555	708
Subdoligranulum	3841	1258	17241	1972	3757	1019	2495	2636	4511	2200	0	7724	8364	15319	2047	3129	2874	372	7229	2008	10113	2787	534	9788	5203	5265	6870	9409	212	2072	10105	521	7211	15602	7128	1011	1743	2172	6194	17198	6278	2465	2751	5889	3104	7425	6627	13364
Clostridiales_bacterium_DTU089	0	31	0	0	0	0	0	23	21	0	0	0	50	0	6	55	0	0	0	0	5	0	0	0	27	73	0	12	0	30	0	0	0	0	49	0	0	0	13	25	15	0	14	0	0	78	8	548
Family_XIII_UCG-001	25	24	0	30	0	0	62	51	0	230	73	6	2	0	0	9	43	0	27	35	3	19	0	15	32	0	29	277	0	52	23	0	15	40	33	22	0	8	14	28	73	34	22	0	3	76	0	0
Clostridia_bacterium_UC5.1-2E3	0	0	0	0	0	0	0	0	0	0	0	0	16	17	0	0	45	0	0	0	0	0	0	0	0	0	0	0	0	8	29	0	0	0	77	0	0	0	0	0	0	0	56	0	0	17	0	0
Allobaculum	0	0	0	0	0	0	0	0	0	0	0	0	0	0	0	0	0	0	0	0	0	247	0	0	4	0	0	0	0	0	0	0	0	0	0	0	1097	0	0	0	0	0	0	4	0	0	0	0
Catenibacterium	0	0	0	551	0	0	7787	0	0	0	0	0	0	0	0	293	0	0	0	0	0	4650	0	0	0	125	0	0	0	0	0	0	0	0	0	399	0	0	0	0	0	0	0	0	0	0	0	0
Coprobacillus	0	0	0	0	0	0	10	0	0	0	0	0	0	0	0	5	0	15	0	229	0	0	0	0	0	0	0	0	0	0	0	0	9	0	0	0	0	0	0	0	0	0	0	0	0	0	0	0
Dielma	0	0	0	0	0	0	0	0	2	38	25	0	13	3	0	0	37	0	8	0	0	0	0	0	0	0	0	0	0	0	0	0	0	0	3	4	0	0	0	0	0	0	0	0	15	10	6	0
Erysipelatoclostridium	10	1259	0	0	0	0	7	201	214	7	0	0	10	0	0	0	655	0	22	0	0	0	35	0	0	0	0	3	65	15	0	228	7	0	0	22	10	3	0	3	48	35	6	6	40	0	0	24
Erysipelotrichaceae_UCG.003	1079	113	5085	12	107	1629	54	757	476	298	279	1456	179	103	89	137	6994	4867	86	166	53	42	194	130	223	26	60	523	2448	1387	137	189	56	61	128	0	103	113	126	634	216	585	620	1002	849	64	35	230
Erysipelotrichaceae_UCG.004	0	0	0	0	0	0	0	0	0	0	0	0	0	0	0	8	0	0	0	0	0	0	0	0	0	0	0	0	0	0	0	0	0	0	0	0	0	0	0	0	0	4	0	0	0	0	0	0
Erysipelotrichaceae_UCG.006	0	0	0	58	0	0	0	0	0	0	0	0	0	0	0	0	0	2	0	0	0	0	0	0	0	0	0	0	0	0	0	0	0	0	0	0	0	0	0	0	0	0	0	0	0	0	0	0
Faecalicoccus	0	0	0	0	0	0	0	0	0	0	0	0	0	0	0	30	0	0	0	0	0	0	0	0	0	0	0	0	0	0	0	0	0	0	0	0	0	0	0	0	0	0	0	0	0	0	0	0
Faecalitalea	0	0	0	0	0	0	0	91	0	0	0	0	9	7	0	165	153	0	0	0	0	0	0	0	0	0	0	2	0	0	0	0	0	0	0	0	17	5	0	0	0	0	0	0	0	0	0	0
Holdemanella	0	0	0	196	377	0	1320	0	0	0	0	0	0	0	781	0	0	119	753	160	5	1059	0	591	0	447	0	0	0	0	1684	0	161	0	0	557	357	0	0	5	0	0	1022	165	0	269	0	0
Holdemania	12	29	0	0	0	9	0	5	14	128	23	0	11	0	0	0	57	2	0	2	18	0	11	14	0	5	0	143	0	10	0	0	26	8	15	10	6	4	0	6	0	2	5	0	21	22	24	0
Merdibacter	0	0	0	0	0	0	0	0	0	0	0	0	0	0	0	0	0	0	0	0	0	0	0	0	5	0	0	0	0	0	0	0	0	0	0	0	0	0	0	0	0	0	0	0	0	0	0	0
Solobacterium	0	0	0	239	0	78	0	0	0	0	0	5	0	0	0	2	12	13	0	0	0	0	0	6	0	0	0	0	0	0	0	0	0	0	0	0	17	9	0	0	0	0	0	58	4	12	0	0
Turicibacter	29	62	0	0	0	11	148	276	13	3	58	24	0	0	23	55	0	0	85	39	0	194	68	0	0	0	13	0	1572	161	0	419	17	0	19	7	1036	215	39	39	42	3	21	0	7	39	0	29
Firmicutes_bacterium_CAG.56	1717	786	0	31	12	24	19	132	20	50	30	189	0	39	33	61	0	485	305	54	11	73	80	13	21	12	22	447	114	21	84	79	88	97	41	108	78	4888	64	25	264	316	71	26	395	15	125	86
Acidaminococcus	0	0	0	0	0	0	0	0	0	0	0	0	0	0	0	0	0	0	0	0	0	0	0	55	0	357	0	0	0	0	0	0	0	20	0	0	0	0	0	0	0	0	0	0	0	0	0	0
Phascolarctobacterium	4357	611	0	5739	8	9	441	867	108	12309	0	0	401	60	9	0	50	14	344	399	2728	555	4808	8437	123	19002	842	920	28	564	180	109	3160	0	9414	1748	19	158	5315	8	203	669	1316	5	17	9	582	0
Succiniclasticum	0	0	0	0	0	0	0	0	0	0	0	0	0	0	0	0	0	0	0	0	0	0	0	22	0	0	0	0	0	0	0	0	0	0	0	0	0	0	0	0	0	0	0	0	0	0	0	0
Allisonella	0	0	729	151	14	10	83	0	0	0	0	0	51	284	6	17	128	13	5	0	0	0	0	212	9	118	4	0	0	40	49	0	0	260	299	0	0	16	0	5	0	58	76	0	301	0	121	0
Anaeroglobus	0	0	0	0	0	0	0	0	0	0	0	0	0	0	0	0	0	0	0	0	0	0	0	0	0	0	0	0	0	0	0	0	0	0	0	0	0	0	4	0	0	0	0	0	0	0	0	0
Dialister	0	0	15042	0	18341	252	5940	9713	125	27	3911	795	15	26	1479	317	0	299	0	25	27	17	36	718	11	113	19094	52	503	143	15	0	1721	10459	0	379	0	9859	9	2805	1714	707	0	1198	1238	428	198	6359
Megamonas	1134	0	0	0	0	19	0	0	0	0	1448	3079	0	600	0	0	0	2654	0	0	0	0	0	9	72	2875	0	0	0	0	1990	0	0	0	0	0	0	0	0	20	0	0	0	0	1110	0	0	0
Megasphaera	0	0	0	3458	0	0	4596	4	0	8	0	27	3	274	799	361	202	0	0	0	0	44	0	23	0	0	0	19	0	0	0	0	0	0	5	0	0	0	19286	7	10	0	0	0	18	7	0	5
Mitsuokella	0	0	0	75	0	0	366	0	0	0	151	0	0	0	0	0	0	0	0	44	0	0	0	0	0	0	0	0	0	0	0	0	0	0	0	0	0	0	85	41	0	30	0	0	0	0	7	0
Negativicoccus	0	0	0	0	0	0	0	0	0	0	0	0	0	0	0	0	0	0	0	0	0	0	8	75	0	0	0	0	818	0	0	0	0	0	0	0	0	0	0	0	0	0	0	0	0	0	0	0
Selenomonas	0	0	0	168	0	0	0	0	0	0	0	0	0	0	0	0	0	0	0	0	0	0	0	0	0	0	0	0	0	0	0	0	0	0	0	0	0	0	0	0	0	0	0	0	0	0	0	0
Selenomonas_3	0	0	0	0	0	0	0	0	0	0	0	11	0	12	0	0	0	0	0	0	0	0	0	0	0	0	0	0	0	0	0	0	0	0	0	0	0	0	0	0	0	0	0	0	0	0	0	0
Veillonella	90	33	0	0	574	0	95	94	13	73	47	19442	56	27571	24	65	62	1662	2068	0	153	479	420	1383	0	10351	151	114	202	0	66	280	48	2643	28	39	60	1448	56	159	1088	29	1857	371	2900	0	3178	302
Cetobacterium	0	0	0	0	0	0	0	0	0	0	0	0	8	0	0	0	0	0	0	0	0	0	0	0	0	0	0	0	0	0	0	0	0	0	0	0	0	0	0	0	0	0	0	0	0	0	0	0
Fusobacterium	0	0	0	0	0	0	0	0	0	0	51	8	0	26	0	0	0	36518	0	0	0	79	19	18	0	2	0	0	2	0	0	0	0	6	0	0	24	15	14	0	0	0	0	0	0	94	843	0
Leptotrichia	0	0	0	0	0	0	0	0	0	3	0	11	0	8	0	0	0	0	0	0	0	0	0	0	0	46	31	0	0	0	0	0	0	268	0	0	0	0	0	0	0	0	0	0	0	0	0	0
Sneathia	0	0	0	0	0	0	0	0	0	0	0	0	0	0	0	0	0	0	0	0	17	0	0	0	0	0	0	0	0	0	0	0	0	0	0	0	0	0	0	0	0	0	0	0	0	165	0	0
Victivallis	0	0	0	0	0	0	0	0	0	0	0	0	0	0	0	13	0	0	0	0	0	0	0	0	0	0	0	0	0	0	0	0	0	0	0	0	0	0	0	6	0	0	0	0	0	0	0	0
Bosea	0	0	0	0	0	0	0	12	0	0	0	0	0	0	0	0	0	0	0	0	0	0	0	0	0	0	0	0	0	0	0	0	0	0	0	0	0	0	0	0	0	0	0	0	0	0	0	0
Falsochrobactrum	0	0	0	0	0	0	0	0	0	0	0	0	0	0	0	0	0	0	0	0	0	0	0	0	2	0	0	0	0	0	0	0	0	0	0	0	0	0	0	0	0	0	0	0	0	0	0	0
Neorhizobium	0	0	0	0	0	0	0	23	0	0	0	0	0	0	0	0	0	0	0	0	0	0	0	0	0	0	0	0	0	0	0	0	0	0	0	0	0	0	0	0	0	0	0	0	0	0	0	0
Gluconobacter	0	0	0	0	0	0	0	0	0	0	0	0	0	0	0	0	0	0	0	0	0	0	0	0	0	6	0	0	0	0	0	0	0	0	0	0	0	0	0	0	0	0	0	0	0	0	0	0
Sphingopyxis	0	0	0	0	0	0	0	8	0	0	0	0	0	0	0	0	0	0	0	0	0	0	0	0	0	0	0	0	0	0	0	0	0	0	0	0	0	0	0	0	0	0	0	0	0	0	0	0
Achromobacter	0	0	0	0	0	0	0	16	0	0	0	0	0	0	0	0	0	0	0	0	0	0	0	0	0	0	0	0	0	0	0	0	0	0	0	0	0	0	0	0	0	0	0	0	0	0	0	0
Parasutterella	2027	9	535	0	0	0	5	8	208	0	0	0	0	266	0	0	205	339	0	0	20	0	0	0	0	65	21	0	0	17	0	348	0	826	1070	76	0	87	7	52	94	29	0	6	297	0	0	251
Sutterella	22	48	0	0	0	5	32	281	0	5	24	0	0	1144	0	33	40	0	73	29	29	0	54	31	0	88	40	22	0	85	6	0	0	166	1461	44	0	55	500	0	328	247	810	88	2315	0	175	61
Tepidimonas	0	0	0	0	0	0	0	0	0	7	0	0	0	0	0	0	0	0	0	0	0	0	0	0	0	0	0	0	0	0	0	0	0	0	0	0	0	0	0	0	0	0	0	0	0	0	0	0
Oxalobacter	9	0	0	26	19	5	13	0	0	24	24	0	0	0	0	0	0	0	0	0	0	42	0	0	0	0	0	0	0	0	0	0	0	0	0	0	0	0	0	0	0	9	0	0	0	7	0	0
Neisseria	0	0	0	0	0	0	0	0	0	0	0	16	0	0	0	0	0	0	8	0	0	38	0	0	0	62	0	0	0	0	0	0	0	0	0	0	0	0	0	0	0	0	0	0	0	0	0	0
Dechloromonas	0	0	0	0	0	0	0	0	0	0	0	0	0	0	0	0	0	0	0	0	0	0	0	0	2	0	0	0	0	0	0	0	0	0	0	0	0	0	0	0	0	0	0	0	0	0	0	0
Bdellovibrio	0	0	0	0	0	0	0	3	0	0	0	0	0	0	0	0	0	0	0	0	0	0	0	0	0	0	0	0	0	0	0	0	0	0	0	0	0	0	0	0	0	0	0	0	0	0	0	0
Bilophila	37	81	0	0	0	16	20	1139	31	302	342	0	76	104	9	8	0	79	74	69	99	32	26	107	0	2864	15	102	0	13	0	35	62	744	0	60	0	10	285	43	54	85	149	59	145	69	1119	0
Desulfovibrio	0	0	0	105	7	112	1282	0	0	361	14	0	103	0	588	0	0	0	0	0	0	0	0	9827	12	8	20	0	0	400	77	0	70	52	0	0	79	13	0	0	1984	338	0	34	0	0	0	0
Mailhella	0	0	0	0	0	0	3	0	0	0	0	0	0	0	0	0	0	0	0	0	0	0	0	0	0	0	0	0	0	0	0	0	0	0	0	0	0	0	0	0	0	0	0	0	0	0	0	0
Campylobacter	0	0	0	0	0	0	0	0	0	6	0	3	2	0	0	0	0	0	0	0	0	0	0	10	0	0	0	0	0	0	0	0	0	0	0	0	0	0	0	0	0	0	0	0	4	0	0	0
Aeromonas	0	0	0	0	0	0	0	28	0	0	0	0	0	0	0	0	0	0	0	0	0	0	0	0	0	0	0	0	0	0	0	0	0	0	0	0	0	0	0	0	0	0	0	0	0	0	0	0
Anaerobiospirillum	0	0	0	0	0	0	0	0	0	0	0	0	0	0	0	0	0	0	0	0	0	0	0	0	0	0	0	0	0	0	3	0	0	0	0	0	0	0	0	0	0	0	0	0	0	0	0	0
Succinivibrio	0	0	0	0	0	0	0	0	0	0	0	0	0	0	0	0	0	0	0	0	0	0	0	109	0	0	0	0	0	0	0	0	0	0	0	0	0	0	0	0	0	0	0	0	0	0	0	0
Cardiobacterium	0	0	0	0	0	0	0	0	0	0	0	0	0	5	0	0	0	0	0	0	0	0	0	0	0	0	0	0	0	0	0	0	0	0	0	0	0	0	0	0	0	0	0	0	0	0	0	0
Atlantibacter	0	4	0	0	0	0	0	0	0	0	0	0	0	0	0	0	0	0	0	0	0	0	0	0	0	0	0	0	0	0	0	0	0	0	0	0	0	0	0	0	0	0	0	0	0	0	0	0
Citrobacter	0	0	0	0	0	0	0	0	0	0	0	0	0	0	0	473	1291	0	0	0	0	0	0	0	0	0	0	0	820	0	0	0	0	0	0	0	0	0	0	0	130	0	867	1607	259	0	0	269
Enterobacter	0	0	0	0	0	0	0	0	0	0	0	0	0	0	0	0	0	0	0	0	0	0	0	0	0	0	0	0	352	0	0	0	0	0	0	0	0	0	0	0	0	0	0	0	0	0	0	0
Escherichia.Shigella	8073	39	20407	197	3281	5028	1804	6728	128	470	14549	17	40755	5667	57	5006	773	11725	1102	34036	49	1035	26933	669	139	1968	735	106	10006	840	39746	233	30128	680	3819	2941	43565	187	24397	1691	2913	267	294	6889	509	1362	392	4846
Klebsiella	70	0	0	0	142	75	97	393	36	0	1041	20	1108	151	0	944	0	0	123	19	11	764	22	464	0	1670	147	0	9654	35	0	58	0	63	243	0	12773	620	18	0	0	22	7017	1455	400	15	2073	3305
Proteus	0	0	0	0	0	0	0	0	0	0	0	0	0	0	0	0	0	0	0	0	0	0	0	0	0	0	0	0	0	0	0	0	0	0	0	0	0	0	0	0	0	0	4	0	0	0	0	0
Pseudocitrobacter	0	0	0	0	0	0	7	0	0	0	0	0	0	0	0	0	4	0	0	5	0	0	0	0	0	0	0	0	0	0	0	0	0	0	0	0	0	0	0	0	0	0	0	0	0	0	0	0
Raoultella	0	0	0	0	0	0	0	0	0	0	0	0	0	0	0	0	0	0	0	0	0	34	0	0	0	0	0	0	0	0	0	0	0	0	0	0	0	0	0	0	0	0	0	0	0	0	0	0
Rosenbergiella	0	0	0	0	0	0	0	0	0	0	0	0	0	0	0	0	0	0	0	0	0	0	0	0	0	0	0	0	0	0	0	0	0	0	0	0	0	0	0	14	0	0	105	0	0	0	0	53
Hafnia.Obesumbacterium	0	0	0	0	0	40	0	0	0	0	0	0	0	0	0	0	0	0	0	0	0	0	0	0	0	0	0	0	4364	0	0	0	0	0	0	0	0	0	0	0	0	0	0	0	0	0	0	0
Actinobacillus	0	0	0	0	0	0	0	0	0	0	0	374	0	655	0	0	0	0	0	0	0	0	0	0	0	0	0	0	0	0	0	0	0	0	0	0	0	0	0	0	0	0	0	0	0	0	0	0
Haemophilus	361	6	0	0	26	7	410	70	8	27	43	9114	26	2490	102	76	0	1987	12448	0	5	52	0	439	0	2768	133	12	519	0	16	186	4	338	5	0	142	46	15	0	151	0	564	209	299	15	39	15
Acinetobacter	0	0	0	0	0	0	0	6	0	5	0	0	0	0	0	0	0	0	0	0	0	0	0	0	0	13	0	0	0	0	0	0	0	3	0	0	0	0	0	0	0	0	0	0	0	2	11	0
Psychrobacter	0	0	0	0	0	0	0	0	0	0	0	92	0	0	0	0	0	0	0	0	0	0	0	0	0	0	0	0	0	0	0	0	0	0	0	0	0	0	0	0	0	0	0	0	0	0	0	0
Pseudomonas	3	0	0	0	0	0	0	63	0	0	0	0	0	0	0	0	0	0	0	0	0	0	0	0	0	0	0	0	0	0	0	5	0	0	0	0	2	0	0	0	0	0	0	0	0	0	0	0
Pseudoxanthomonas	0	0	0	0	0	0	0	0	0	0	0	0	0	0	0	0	2	0	0	0	0	0	0	0	0	0	0	0	0	0	0	0	0	0	0	0	0	0	0	0	0	0	0	0	0	0	0	0
Stenotrophomonas	0	0	0	0	0	0	0	0	0	0	0	0	0	0	0	0	0	0	0	0	0	0	0	0	0	10	0	0	0	0	0	0	0	0	0	0	0	0	0	0	0	0	0	0	0	0	0	0
Candidatus_Saccharimonas	0	0	0	0	0	0	0	0	0	0	0	7	0	0	0	0	0	0	0	0	0	0	0	10	0	0	0	11	0	0	0	0	0	0	0	0	0	0	5	5	0	0	0	0	0	0	0	0
Brachyspira	0	0	0	200	0	0	0	0	0	0	0	0	0	0	0	0	0	0	0	0	0	0	0	0	0	0	0	0	0	0	0	0	0	0	0	0	0	0	0	0	0	0	0	0	0	0	0	0
Cloacibacillus	0	0	0	0	0	0	0	0	0	0	34	0	15	0	0	0	0	0	0	0	0	0	0	0	0	0	0	0	0	0	0	0	0	0	0	7	0	4	0	0	0	0	14	5	0	47	5	0
Pyramidobacter	0	3	0	6	0	0	0	0	0	0	0	0	0	0	0	0	0	0	0	0	0	0	0	9	0	61	0	0	0	0	0	0	0	9	0	5	0	0	0	8	0	0	0	42	0	0	0	0
Synergistes	0	0	0	0	0	0	0	0	0	0	0	0	0	0	0	0	0	0	0	0	0	0	0	3	0	0	0	0	0	0	0	0	0	0	0	0	0	0	0	0	0	0	0	0	0	0	0	0
Anaeroplasma	0	0	0	3	0	0	0	0	0	3	0	0	0	0	0	0	0	0	0	0	0	0	0	0	0	0	0	0	0	0	0	0	0	11	0	0	0	0	0	0	0	0	0	0	0	0	0	0
Cerasicoccus	0	0	0	0	0	0	0	0	0	0	0	0	0	0	0	0	0	0	0	0	0	0	0	0	0	0	0	0	0	0	0	0	0	0	0	0	0	0	0	0	0	4	0	0	0	0	0	0
Akkermansia	5381	4534	11	0	13	480	216	0	17495	10208	616	0	357	81	17	98	0	2013	444	15	25288	30	7254	0	37	62359	2914	23291	0	147	316	19	4397	1437	777	0	1311	35	22	14	1898	10723	253	2047	20	6482	278	0
