	sample_30213	sample_30220	sample_30237	sample_30250	sample_30471	sample_30482	sample_30501	sample_30539	sample_30558	sample_30563	sample_30567	sample_30582	sample_30629	sample_30701	sample_30711	sample_30717	sample_30721	sample_30725	sample_30742	sample_30782	sample_30802	sample_30860	sample_30925	sample_30927	sample_30940	sample_30961	sample_31000	sample_31003	sample_31004	sample_31043	sample_31285	sample_31289	sample_31299	sample_31305	sample_31311	sample_31380	sample_31402	sample_31416	sample_31420	sample_31511	sample_31516	sample_75015
Methanobrevibacter	2855	1964	0	1051	2894	39	15198	0	8008	2431	5946	996	253	818	0	6	2477	18791	2	7	591	14	0	15	0	12	6	8	1290	0	9	2	254	0	0	7	1700	15427	0	17	5	0
Methanosphaera	0	0	0	270	164	0	0	0	0	0	0	0	15	0	0	0	0	0	0	0	0	0	0	0	0	0	0	0	0	0	0	0	0	0	0	0	0	0	0	0	0	0
Candidatus_Methanogranum	0	0	0	0	0	0	0	0	0	0	0	0	0	0	0	0	0	0	0	0	0	0	0	0	0	0	0	0	4	0	0	0	0	0	0	0	0	0	0	0	0	0
Actinomyces	15	384	19	43	51	0	12	15	15	852	15	0	21	0	0	66	41	9	147	25	3	111	88	32	0	0	30	7	8	0	2	0	0	0	55	33	7	36	0	43	0	113
Actinomyces_sp._oral_taxon_848_str.F0332	0	0	3	0	9	0	0	0	0	0	0	0	0	0	0	0	0	0	0	0	0	0	0	0	0	0	0	0	0	0	0	0	0	0	0	0	0	0	0	0	0	0
Mobiluncus	0	4	0	0	0	0	0	0	0	0	0	0	0	0	0	0	0	5	0	0	0	0	0	0	0	0	0	0	0	0	0	0	0	0	0	0	0	0	0	0	0	0
Alloscardovia	0	0	0	0	0	0	0	0	0	0	0	0	0	0	0	31	0	0	0	0	0	12	0	0	0	0	0	0	0	11	0	0	0	0	0	0	0	11	0	0	0	0
Bifidobacterium	66	6600	0	170	4989	338	150	7806	193	2485	127	2572	1769	646	215	2201	1435	0	3236	23	121	16873	13221	3189	544	30	0	144	1957	705	0	194	0	141	5085	1216	150	299	1884	1515	91	3549
Gardnerella	0	0	0	0	0	0	0	0	0	0	0	0	0	0	0	0	0	0	0	0	0	0	19	0	0	0	0	0	0	0	0	0	0	0	20	0	0	0	0	0	0	0
Parascardovia	0	0	0	0	0	0	0	0	0	9	0	0	0	0	0	0	0	0	0	0	0	0	0	0	0	0	0	0	0	0	0	0	0	0	0	0	0	0	0	0	0	0
Pseudoscardovia	0	0	0	0	0	0	0	2	0	0	0	0	0	0	0	0	0	0	0	0	0	0	0	0	0	0	0	0	0	0	0	0	0	0	0	0	0	0	0	0	0	0
Scardovia	0	0	9	0	17	0	0	0	0	0	0	0	0	0	0	9	0	0	7	0	0	59	3	0	0	4	3	0	0	0	0	0	0	0	6	0	0	0	0	41	0	0
Corynebacterium	0	0	0	0	0	0	4	0	0	45	0	0	0	0	0	2	0	0	19	0	0	0	0	0	0	4	0	0	0	0	0	0	0	0	11	0	0	0	0	0	0	3
Lawsonella	0	0	0	0	0	0	0	0	0	2	0	0	0	0	0	0	0	0	0	0	0	0	0	0	0	0	0	0	0	0	0	0	0	0	0	0	0	0	0	0	0	0
Clavibacter	0	0	0	0	0	0	0	0	0	0	0	0	0	0	0	0	0	0	0	0	0	0	0	0	0	0	0	21	0	0	0	0	0	0	0	0	0	0	0	0	0	0
Rothia	14	0	0	16	0	6	31	0	42	327	0	0	31	0	0	26	0	24	693	5	12	5	52	39	8	13	7	0	0	0	0	3	0	0	4	0	0	136	0	19	8	73
Cutibacterium	0	0	0	0	0	3	0	0	0	0	0	0	0	0	0	3	0	0	0	0	0	0	0	0	0	0	0	0	0	0	0	0	0	0	0	0	0	0	0	0	0	0
Libanicoccus	119	0	0	0	0	0	0	0	0	0	0	0	0	200	0	0	0	0	0	0	191	0	0	0	0	0	0	0	0	0	0	0	0	0	0	0	0	0	0	0	0	0
Adlercreutzia	0	0	0	419	0	135	24	0	98	0	0	0	0	0	41	0	104	0	0	0	0	52	324	35	0	15	40	0	0	0	0	0	0	55	0	40	0	0	0	19	0	15
Atopobium	0	28	4	0	12	0	0	0	0	24	0	0	5	0	4	55	0	0	3	0	0	104	12	21	12	2	0	0	0	12	0	0	0	5	15	0	31	0	0	7	0	14
Collinsella	594	8192	1842	2612	20494	1857	275	5090	4029	1415	157	732	1935	1310	1221	3647	9861	0	815	370	606	2660	4921	5910	1670	127	5	262	516	435	0	54	125	677	5	795	258	202	102	1557	935	3147
Cryptobacterium	0	0	0	0	0	0	0	0	0	12	0	0	0	0	0	0	0	0	0	0	0	10	0	0	0	0	0	0	0	0	0	0	0	0	0	0	0	0	0	0	0	0
Eggerthella	0	0	0	36	38	49	0	8	19	0	0	0	0	0	0	12	0	33	33	11	0	0	9	42	0	5	15	0	0	0	14	0	0	0	536	8	0	0	0	37	0	0
Enorma	0	0	0	0	0	0	0	0	0	0	0	0	0	0	0	0	0	17	0	0	0	0	0	0	0	0	5	0	0	0	0	0	0	0	0	0	0	0	0	0	0	0
Enterorhabdus	293	0	0	0	512	0	2484	0	1422	0	68	0	111	481	0	0	0	0	0	0	0	31	0	0	0	0	0	82	1609	0	0	149	134	0	0	0	0	126	0	0	0	617
Gordonibacter	0	48	0	5	0	325	5	45	10	167	0	15	0	0	0	28	4	56	307	0	0	27	37	33	27	19	14	0	0	0	0	0	0	4	150	110	11	0	6	11	30	0
Olsenella	0	0	0	0	0	0	0	0	0	15	0	0	0	0	0	16	0	0	36	0	0	0	0	0	0	0	0	0	0	0	0	0	0	0	7	0	0	0	0	0	0	0
Parvibacter	0	0	0	0	26	0	0	0	0	0	0	0	0	0	0	0	0	0	0	0	0	45	0	0	0	0	0	0	0	0	0	0	0	0	0	0	0	0	0	0	0	0
Senegalimassilia	118	0	288	0	891	0	0	131	0	0	175	0	421	244	218	0	400	0	11260	640	104	0	0	0	0	165	0	1117	111	0	0	0	13	149	0	0	0	125	64	0	0	188
Slackia	201	206	151	0	2376	0	0	0	0	1131	0	116	5	148	0	262	0	0	0	0	302	152	0	5	111	0	239	308	667	75	0	0	62	0	0	0	30	113	3	0	174	211
unclassified_Coriobacteriaceae_CHKCI002	0	0	0	0	0	0	0	0	0	0	0	0	0	0	0	0	0	0	180	0	0	0	0	0	0	0	0	0	0	0	0	0	0	0	0	0	0	0	0	0	0	0
Coriobacteriales_bacterium_DNF00809	17	47	0	13	41	0	0	17	190	88	16	22	0	0	0	0	31	0	7	11	10	34	44	0	0	6	6	0	66	0	37	0	0	0	0	29	0	0	23	0	5	13
Raoultibacter	0	16	0	30	17	15	0	0	0	8	0	6	0	3	0	0	8	9	11	0	0	0	0	0	0	0	0	0	0	0	0	0	0	0	0	0	0	0	0	0	0	3
Bacteroides	218	72	570	2739	1510	17426	8246	19424	13349	2766	12188	5888	1932	3052	8620	4074	2228	11290	4942	22310	2897	691	15527	2237	15574	10875	3078	14000	3833	6524	90954	14646	24878	4244	6376	20653	59500	39142	70080	6318	24169	8853
Barnesiella	4	0	22	25	162	0	0	1048	86	489	81	0	23	148	439	36	393	152	2493	131	40	102	0	17	162	310	146	0	68	108	0	240	2595	262	226	10336	2034	1022	529	0	1199	776
Butyricimonas	2	0	0	10	37	3	6	35	41	25	11	22	28	54	49	0	23	31	85	51	14	0	19	0	0	0	4	0	26	0	0	30	358	16	0	0	236	307	324	0	176	172
Coprobacter	0	0	0	0	0	0	0	14	0	8	0	0	0	9	6	0	19	0	19	6	3	0	0	0	0	4	0	0	0	0	0	40	12	0	0	0	13	16	56	0	0	7
Odoribacter	0	0	4	52	35	63	63	46	169	34	33	23	22	71	109	7	71	27	56	295	59	6	20	12	40	10	31	22	24	0	0	302	37	27	29	699	973	1352	151	17	319	954
Parabacteroides	30	4	11	518	472	152	619	1351	305	291	302	329	209	328	1286	769	266	175	2425	475	48	16	190	640	570	526	133	124	719	2384	2494	276	1841	28	41	9274	2341	4179	912	2234	2962	1665
Porphyromonas	2	503	0	0	0	14	0	5	0	3	0	5	0	21	0	0	10	201	37	0	2	0	0	0	7	0	18	0	90	19	0	0	2	0	0	2	13	8	0	55	0	0
Sanguibacteroides	0	0	0	0	0	0	0	0	0	0	7	0	0	0	0	0	0	0	0	0	0	0	0	0	0	0	0	0	5	0	0	0	0	0	0	0	0	0	0	0	0	0
Alloprevotella	1580	14	427	0	531	0	0	0	5819	81	0	0	0	3745	0	0	0	0	0	0	0	0	0	4111	0	0	0	0	109	0	0	0	0	0	0	0	0	0	0	0	0	298
Paraprevotella	26	75	43	75	0	0	2725	168	1268	116	2680	438	132	850	188	76	244	1036	498	0	412	170	1615	218	0	0	0	314	477	361	0	1627	1695	0	0	620	5826	1673	0	360	715	147
Prevotella	0	162	0	0	0	24	0	37	0	46	0	29	0	11	0	0	0	32	2	44	3	0	0	0	0	22	3	0	44	0	2	0	0	0	0	4	6	5	0	0	2	0
Prevotella_2	31	67	0	0	0	0	308	0	540	0	145	0	0	0	0	0	0	2882	0	0	1606	0	0	2499	0	2	0	1030	265	0	0	0	0	0	0	0	0	0	0	0	0	0
Prevotella_6	0	108	0	0	0	18	0	4	0	4	0	4	0	0	0	0	13	7	0	18	0	0	2	0	11	0	0	0	0	45	0	0	0	0	0	0	25	0	0	0	0	0
Prevotella_7	0	0	0	699	0	0	0	0	0	0	0	254	1418	2228	0	0	0	2	0	0	2158	0	0	0	0	0	0	100	669	0	0	0	133	0	0	0	0	0	0	0	0	0
Prevotella_9	5735	173	1111	1344	3028	24	7487	1421	0	3661	0	191	4653	18588	3051	0	1940	1000	38	0	29205	539	0	6978	8	0	0	8	2266	6627	0	22606	4903	0	6	296	25	25084	23	21	0	8107
Prevotellaceae_NK3B31_group	0	0	0	0	0	0	0	0	0	0	0	0	0	0	0	0	0	0	0	0	0	0	0	0	0	0	0	85	39	0	0	0	686	0	0	0	9046	0	0	0	0	0
Prevotellaceae_UCG.001	0	0	0	0	0	0	0	0	0	0	0	0	0	0	0	0	0	0	0	180	0	0	0	0	0	0	0	0	0	0	0	0	0	0	0	0	0	0	0	0	0	0
Alistipes	27	0	160	21	340	665	182	2763	1923	1288	2006	144	393	1012	2290	40	940	663	4884	2911	210	460	8966	543	249	1575	257	15	171	381	0	3218	6996	1222	59	16892	3717	11217	7426	230	8692	2081
Rikenella	0	0	0	0	0	0	0	0	0	0	0	9	0	7	0	0	0	0	0	0	13	4	0	0	0	0	0	0	0	0	0	0	0	0	0	0	0	0	23	0	0	0
Rikenellaceae_RC9_gut_group	0	5	0	0	0	0	0	0	0	0	0	0	0	0	0	0	0	0	0	0	26	0	0	0	0	0	0	0	342	0	0	0	0	0	0	0	0	0	0	0	0	0
Cloacibacterium	0	2	0	0	0	0	0	0	0	0	0	0	0	0	0	0	0	0	0	0	0	0	0	2	0	0	0	0	0	0	0	0	0	0	0	0	0	0	0	0	0	0
Elusimicrobium	0	0	0	0	0	0	202	0	0	0	21	0	0	0	0	0	0	0	0	0	0	0	0	0	0	0	0	0	0	0	0	0	0	0	0	0	0	0	0	0	0	0
Alicyclobacillus	0	0	0	0	0	0	0	0	0	0	0	0	0	0	0	0	0	0	0	0	0	0	0	0	0	0	0	0	0	0	0	0	0	0	3	0	0	0	0	0	0	0
Tumebacillus	0	0	0	0	0	0	0	0	0	0	0	0	0	0	0	0	0	0	0	0	0	0	0	0	0	0	0	0	0	0	0	0	0	0	5	0	0	0	0	0	0	0
Gemella	0	32	5	42	60	0	0	4	11	218	0	0	0	0	0	24	12	0	0	0	0	18	0	12	0	0	0	0	15	0	0	0	51	66	24	0	12	105	0	8	0	177
Staphylococcus	0	0	0	0	36	0	0	0	0	0	0	0	0	0	0	0	0	0	0	0	0	0	0	0	0	0	0	0	0	0	0	0	0	0	0	0	0	0	0	0	0	0
Abiotrophia	0	14	0	0	0	0	0	0	0	0	0	0	0	0	0	0	0	0	0	0	0	20	0	0	0	0	0	0	0	0	0	0	0	0	0	0	0	0	0	0	0	0
Aerococcus	0	0	0	0	0	0	0	0	0	7	0	0	0	0	0	0	0	0	0	0	0	0	0	0	0	0	0	0	0	0	0	0	0	0	0	0	0	0	0	0	0	0
Granulicatella	8	6	0	14	0	0	0	0	14	97	5	19	0	0	0	0	0	14	0	13	0	0	19	9	12	0	15	16	8	0	0	5	27	0	19	0	7	75	0	9	0	111
Enterococcus	0	0	145	0	502	24	39	62	0	52	0	23	36	42	7	21	19	0	64	0	0	13	0	0	0	0	0	0	0	33	169	0	0	39	0	0	0	3220	0	0	0	0
Lactobacillus	7	362	546	27	489	0	9	6	0	466	0	0	33	38	0	414	508	7	98	22	0	96	3	3522	4	32	0	0	137	8	11	4	0	0	72	0	0	492	0	441	239	1552
Pediococcus	0	0	0	0	0	0	0	0	0	0	0	0	0	0	0	0	0	0	0	0	0	134	0	0	0	0	0	0	0	0	0	0	0	0	0	0	0	0	0	0	0	0
Fructobacillus	0	0	0	0	0	0	0	0	0	0	0	9	0	0	0	0	0	0	0	0	0	0	0	0	0	0	0	0	0	0	0	0	0	0	0	0	0	0	0	0	0	0
Leuconostoc	7	16	0	0	19	0	0	0	27	340	0	22	44	0	0	0	7	23	7	0	0	0	0	0	14	0	0	0	0	0	0	0	0	0	0	0	6	0	0	0	0	291
Weissella	62	0	140	0	3530	0	0	15	19	2051	8	0	50	0	0	16	0	31	111	18	0	4	5	0	0	0	0	2	0	466	0	0	4	9	83	0	329	0	0	10	180	715
Lactococcus	26	42	0	0	310	162	87	4	14	56	0	34	44	20	0	0	9	0	109	0	0	45	0	0	0	6	0	0	0	0	0	0	0	149	0	4	5	0	0	7	13	216
Streptococcus	252	686	486	491	1369	163	406	302	1053	5910	129	759	256	281	57	15253	869	330	1012	279	61	170	1812	1791	717	271	80	65	81	905	632	509	187	1195	2237	231	1420	3976	58	415	1227	13284
Catabacter	0	0	0	0	7	0	12	0	0	4	13	0	0	0	0	8	0	63	0	8	0	0	0	0	0	0	0	0	0	0	0	0	0	0	0	0	0	0	0	7	18	0
Christensenella	0	0	0	0	0	21	0	16	10	0	0	0	0	0	0	0	8	11	0	0	0	0	35	0	0	0	0	0	9	0	0	0	0	0	0	0	0	0	0	0	0	0
Christensenellaceae_R.7_group	858	4462	2450	601	727	1047	3218	4685	7337	1961	4968	18813	275	915	394	318	547	837	1786	2592	420	3285	989	158	5087	303	481	112	1802	197	6	179	2799	861	0	89	4210	2984	1132	163	1844	3144
Clostridium_CAG.352	0	0	0	0	0	0	0	75	87	19	0	984	0	0	0	4	0	133	0	0	404	0	0	0	0	0	0	0	0	0	0	0	0	0	0	0	0	0	0	0	0	0
Clostridium_sensu_stricto_1	44	1431	13	12161	12222	82	16	4426	1872	4406	60	368	62	39	1212	163	1394	424	240	28	50	7303	313	3522	2534	459	15174	0	10	0	0	140	886	197	1270	0	380	66	84	32	115	22
Clostridium_sensu_stricto_13	0	0	0	0	0	0	0	0	0	0	0	0	0	0	0	0	0	0	0	0	0	0	0	0	0	0	0	0	0	0	117	0	0	0	0	0	0	0	0	0	0	0
Sarcina	0	0	0	0	0	0	0	0	0	0	0	0	200	0	0	0	0	0	0	0	0	0	0	0	0	0	0	0	0	0	0	0	0	0	0	0	0	0	0	0	0	0
Clostridiales_bacterium_S5-A14a	0	6	0	0	0	0	0	0	0	0	0	0	0	0	0	0	0	0	0	0	0	0	0	0	0	0	0	0	0	0	0	0	0	0	0	0	0	0	0	0	0	0
Defluviitaleaceae_UCG.011	19	0	0	0	0	0	73	24	0	0	0	36	0	0	12	0	0	85	0	0	8	0	0	0	0	36	5	0	11	0	0	0	16	0	0	0	0	0	0	0	0	0
Anaerofustis	0	0	0	0	0	0	0	0	0	0	0	0	0	0	0	0	6	0	0	0	0	0	0	0	0	0	0	0	22	0	0	0	0	0	13	0	0	0	0	0	0	0
Eubacterium	0	0	0	28	0	0	0	0	0	13	0	0	0	0	0	4	0	31	0	0	0	0	2	0	0	0	0	24	0	0	0	0	0	0	0	0	0	0	0	0	0	0
Anaerococcus	0	131	0	0	0	0	0	0	0	0	0	0	0	0	0	0	5	3	0	0	0	0	0	0	0	0	0	0	0	0	0	0	0	0	0	0	0	0	0	2	0	0
Ezakiella	13	417	0	2	0	23	0	0	6	3	0	25	0	40	0	0	15	182	0	3	0	0	0	0	45	17	82	0	6	0	0	0	0	0	6	0	0	0	0	41	0	0
Finegoldia	0	21	0	3	0	0	0	4	0	0	0	3	0	5	0	0	0	6	0	0	0	0	10	0	0	0	0	0	0	0	0	0	0	0	0	0	0	0	0	0	0	0
Gallicola	0	39	0	0	0	0	0	0	0	0	0	0	0	0	0	0	0	0	0	0	0	0	0	0	0	0	0	0	0	0	0	0	0	0	0	0	0	0	0	0	0	0
Parvimonas	0	0	0	0	15	0	0	0	0	0	0	0	0	0	0	0	0	8	0	7	0	0	21	0	0	0	0	0	0	0	2	0	0	0	0	0	4	0	0	0	0	0
Peptoniphilus	0	226	0	0	0	6	0	0	5	0	0	5	0	20	0	0	0	11	0	0	0	0	3	0	4	2	10	0	0	0	0	0	0	0	0	0	0	0	0	17	0	0
Family_XIII_AD3011_group	80	224	16	397	471	166	224	213	123	1552	159	80	35	33	85	82	416	196	31	32	33	307	157	174	23	21	33	180	226	0	0	29	244	38	241	0	41	327	101	15	72	335
Mogibacterium	0	25	3	15	14	2	0	0	0	37	17	0	43	0	0	3	204	4	0	0	0	25	0	9	0	0	0	0	21	0	0	0	0	10	6	0	0	0	0	0	0	18
Murdochiella	0	14	0	0	0	0	0	0	0	0	0	0	0	3	0	0	0	0	0	0	0	0	0	0	0	0	0	0	0	0	0	0	0	0	0	0	0	0	0	0	0	0
Agathobacter	3352	3435	1800	832	7809	2302	620	1201	1123	1282	5904	7227	4973	2212	1683	3309	7937	2401	1678	802	816	1646	3077	3406	7517	1526	4312	0	1628	2771	0	2481	1962	1930	695	1258	3961	2446	4563	3476	4027	5274
Anaerosporobacter	0	0	0	0	0	0	0	95	0	0	0	0	0	0	0	0	0	0	0	0	0	0	0	0	0	0	0	0	0	0	0	0	22	0	0	0	0	0	0	0	0	0
Anaerostipes	1033	484	108	55	1625	501	2072	1625	109	1492	0	1362	99	54	108	3065	649	18	28	41	17	1784	1333	84	44	17	102	7	17	68	0	12	8142	535	6289	29	304	170	1308	13	57	859
Blautia	199	9502	584	6343	16248	1302	950	3794	663	29252	183	2686	1349	438	964	10665	11171	1176	282	488	237	7632	14917	755	853	98	2255	665	243	323	89	261	3362	2084	8885	43	2165	957	2663	289	1013	7335
Butyrivibrio	0	0	0	307	0	0	457	859	36	655	0	0	54	555	0	0	0	0	0	0	804	0	0	0	0	0	0	0	15	0	0	0	954	0	0	0	3145	0	0	0	0	0
Cellulosilyticum	0	0	0	0	5	0	0	0	0	0	0	0	0	0	0	0	0	0	0	0	0	0	0	0	0	0	0	0	0	0	17	0	0	0	0	0	0	0	0	0	0	0
Coprococcus_1	10	119	17	123	553	36	105	37	18	174	37	150	76	39	52	111	80	74	11	19	13	283	195	15	105	25	194	50	27	0	0	0	243	41	0	0	55	132	156	20	31	95
Coprococcus_2	555	223	18	216	399	990	0	577	500	506	204	2501	0	559	321	134	779	0	2066	0	1326	411	128	327	54	1365	820	0	877	2176	0	0	590	0	0	132	4264	468	1858	0	0	1199
Coprococcus_3	157	669	197	180	422	101	80	294	72	375	68	710	113	148	303	142	152	300	231	229	117	273	504	635	193	68	229	59	238	0	0	79	508	318	869	183	230	455	422	480	719	286
Dorea	234	4656	524	1826	3062	564	2649	794	182	3984	137	459	268	187	601	1692	3712	352	250	279	274	2940	1368	244	145	156	958	279	214	269	0	172	614	407	2009	658	708	630	484	328	234	1205
Eisenbergiella	0	0	0	0	0	0	0	0	0	0	8	0	0	0	0	0	0	117	0	14	0	0	0	0	21	0	14	0	0	98	0	0	0	0	0	0	0	0	0	85	33	0
Epulopiscium	0	0	0	20	0	0	0	0	0	0	0	0	0	0	0	0	0	50	0	0	0	0	0	0	0	0	0	0	0	0	0	0	0	0	0	0	0	0	0	0	0	0
Fusicatenibacter	69	755	85	452	1812	183	25	1062	189	1709	186	962	166	132	131	4025	600	485	84	167	34	1091	3936	63	62	65	992	126	60	143	0	48	286	361	2725	76	89	1101	436	119	53	721
GCA.900066225_genus	20	0	6	136	25	38	108	8	26	0	25	46	0	28	14	0	8	119	11	17	0	11	16	11	0	0	4	0	23	0	0	44	10	0	0	0	14	66	44	32	0	32
GCA.900066575_genus	22	0	0	0	0	0	47	43	14	0	40	85	8	16	23	0	6	269	0	0	27	6	12	0	36	0	8	0	0	32	0	21	116	0	18	0	123	113	0	37	0	0
GCA.900066755_genus	0	0	0	0	0	0	0	0	0	0	0	0	0	0	0	0	0	0	0	0	0	0	0	0	0	0	0	0	0	0	0	0	0	0	0	0	0	18	0	0	0	0
Howardella	0	657	40	0	0	0	49	0	0	0	102	0	72	77	0	0	268	0	0	0	121	0	0	0	0	0	0	0	99	0	0	49	0	0	0	0	0	0	0	0	0	0
Hungatella	0	0	0	0	0	0	0	0	0	0	0	0	0	0	0	0	0	60	0	0	0	12	0	0	0	0	29	0	0	0	605	0	0	0	0	0	0	0	0	0	15	22
Lachnoanaerobaculum	0	0	0	0	0	0	0	0	0	3	0	0	0	0	0	0	0	0	0	10	0	0	0	0	0	0	0	0	0	0	0	0	0	0	0	0	0	0	0	0	0	0
Lachnoclostridium	70	0	17	42	0	101	99	79	278	11	299	504	235	120	98	53	89	586	79	67	71	5	583	23	948	222	868	2585	188	616	3930	140	195	150	129	115	647	216	116	1638	688	0
Lachnoclostridium_5	0	0	0	0	0	0	0	0	0	0	0	0	0	0	0	0	0	0	0	0	0	0	0	0	0	0	0	0	0	0	82	0	0	0	0	0	0	0	0	0	0	0
Lachnospira	1441	155	23	193	24	122	101	82	347	175	450	1394	124	2110	517	21	18	1961	1050	308	207	346	201	570	3258	659	2903	41	475	1055	0	2268	2182	258	31	104	2547	789	218	543	324	97
Lachnospiraceae_AC2044_group	335	0	0	270	193	22	336	59	0	0	398	100	15	245	0	0	65	148	12	262	201	11	0	0	0	0	0	0	134	0	0	0	77	0	0	0	95	653	0	0	0	0
Lachnospiraceae_FCS020_group	36	125	62	66	504	10	63	49	0	184	0	86	31	14	36	31	120	84	0	0	0	82	104	0	30	0	6	0	18	0	0	10	58	8	0	10	43	94	39	4	13	253
Lachnospiraceae_NC2004_group	2970	0	0	0	0	0	0	0	0	0	0	0	0	0	0	0	0	0	0	0	0	0	0	0	0	0	0	0	0	10	0	0	0	0	0	0	0	1073	80	0	0	0
Lachnospiraceae_ND3007_group	21	0	7	13	26	21	99	88	191	150	12	163	10	24	0	35	0	204	26	25	65	111	78	63	63	10	423	98	18	22	0	107	171	22	138	12	100	368	295	21	28	5
Lachnospiraceae_NK4A136_group	1322	324	586	150	295	374	5345	2046	2854	333	1124	2384	479	3322	84	560	283	1252	2307	1776	2116	245	112	226	11831	1563	1180	44	4798	1504	119	1583	7370	369	153	561	4696	6024	1139	1599	1294	809
Lachnospiraceae_NK4B4_group	66	0	0	0	75	29	0	0	39	12	14	101	0	0	0	0	82	0	0	37	89	20	0	0	0	0	18	0	0	0	0	0	0	0	0	28	0	0	0	0	0	0
Lachnospiraceae_UCG.001	23	0	0	71	39	149	0	37	14	210	463	920	0	24	17	0	0	524	8	42	53	29	49	12	209	35	75	0	0	14	0	214	518	357	0	0	816	126	141	14	91	19
Lachnospiraceae_UCG.003	0	0	0	27	0	9	0	17	59	0	22	0	0	0	0	0	0	0	0	123	0	0	0	0	0	0	0	0	0	0	0	0	952	0	0	0	313	46	66	0	0	0
Lachnospiraceae_UCG.004	19	0	0	0	0	16	63	23	28	0	28	264	0	63	0	0	0	298	36	0	54	0	0	0	91	0	165	125	13	22	0	185	117	19	0	29	245	334	76	0	96	0
Lachnospiraceae_UCG.006	0	0	0	0	0	0	0	0	0	0	0	0	0	0	0	0	0	0	0	0	0	0	0	0	0	0	0	0	0	0	0	0	0	0	0	0	0	5	0	0	0	0
Lachnospiraceae_UCG.008	0	0	0	0	0	7	26	0	0	0	0	6	0	0	6	0	0	0	0	0	0	5	0	9	0	0	12	0	19	0	0	0	8	0	0	0	12	0	4	0	0	0
Lachnospiraceae_UCG.010	22	5	109	0	23	114	114	117	85	10	145	50	29	30	41	0	6	212	0	192	184	0	48	7	91	52	0	65	10	248	0	264	67	177	0	31	212	178	32	0	363	21
Marvinbryantia	19	203	40	57	209	13	42	161	27	317	0	29	0	9	36	117	77	29	0	17	23	313	124	0	0	0	0	0	16	0	0	0	312	0	0	0	130	113	61	0	0	300
Oribacterium	75	0	0	0	0	4	3	0	0	0	0	0	0	0	0	0	0	0	13	0	0	25	0	0	0	0	0	45	549	0	0	0	0	0	0	0	0	6	0	0	0	0
Parasporobacterium	0	0	0	0	0	0	0	0	0	0	0	4	0	0	0	0	0	0	0	0	0	0	0	0	0	0	0	0	0	0	0	0	0	0	0	0	0	0	0	0	0	0
Robinsoniella	0	0	0	0	0	0	0	0	0	0	0	0	0	0	0	0	0	0	0	0	0	0	0	0	0	0	0	0	0	0	23	0	0	0	0	0	0	0	0	0	0	0
Roseburia	5305	258	194	3707	151	761	74	379	884	535	2925	2092	1050	2237	1849	221	718	2468	237	1095	567	166	382	0	5621	563	325	3455	232	5271	366	676	3184	1220	246	56	1468	2147	940	2054	2044	330
Sellimonas	0	0	0	0	0	0	0	0	0	0	0	0	0	0	0	0	4	11	0	0	0	0	53	0	0	0	0	0	0	34	0	0	5	15	0	0	0	8	0	10	0	0
Shuttleworthia	0	110	0	14	0	0	68	9	0	0	0	0	0	0	0	51	0	0	0	0	0	28	0	0	0	0	0	0	0	0	0	0	0	0	0	0	194	0	0	0	0	0
Stomatobaculum	0	0	0	0	0	0	0	0	0	0	0	0	0	0	0	0	0	4	0	3	0	0	0	0	0	0	0	0	0	0	0	0	0	0	0	0	0	0	0	0	0	0
Tyzzerella	0	0	0	0	0	159	144	34	0	0	34	0	0	62	0	19	8	32	48	0	0	0	5	0	0	0	0	10	3	0	320	339	0	0	91	0	0	41	78	57	0	0
Tyzzerella_3	0	0	0	136	0	0	0	109	34	0	20	0	9	0	0	0	0	0	0	0	0	0	222	0	0	0	2350	0	0	0	0	0	0	21	779	0	0	0	0	85	12	16
Tyzzerella_4	0	0	0	0	0	0	0	0	0	0	0	0	0	0	121	204	0	124	0	0	0	96	0	0	0	0	14	0	0	14	277	0	0	102	0	0	0	20	0	97	0	0
Peptococcus	27	37	0	0	0	0	0	0	0	3	0	156	0	0	0	0	0	62	0	0	0	0	0	33	0	0	4	2	20	0	0	0	0	0	0	0	0	0	16	0	0	0
Intestinibacter	7	2416	0	580	1283	0	0	172	80	307	21	0	13	0	817	0	28	103	36	0	0	6917	137	139	0	0	17	0	46	35	121	0	86	0	1534	19	21	163	17	54	19	62
Paeniclostridium	0	0	0	0	0	0	0	0	0	160	0	0	0	0	0	0	0	0	0	0	0	0	0	0	0	0	0	0	0	0	0	0	0	0	0	0	0	0	0	0	0	34
Peptostreptococcaceae_bacterium_oral_taxon_113_str._W5053	0	250	0	0	0	0	0	0	0	0	0	0	0	0	0	0	0	0	0	0	0	0	0	0	0	0	0	0	0	0	0	0	0	0	0	0	0	0	0	0	0	0
Peptostreptococcus	0	7	0	0	14	0	0	0	0	16	0	0	0	0	0	0	0	0	7	0	0	0	0	0	0	0	0	0	0	0	0	0	0	0	0	0	0	0	0	0	0	0
Romboutsia	17	899	56	7527	4329	39	60	650	154	4101	104	47	714	53	1747	18	1924	508	202	33	15	5147	1052	2708	1483	875	476	0	51	18	7	19	338	49	1379	85	506	281	507	126	121	36
Terrisporobacter	30	573	0	354	163	0	0	24	19	99	0	0	24	0	0	0	0	55	0	0	0	504	11	66	0	0	0	0	54	0	157	0	127	0	128	0	38	158	74	26	48	11
Acetanaerobacterium	0	0	0	0	0	0	0	0	0	0	0	4	0	0	0	0	0	11	0	0	0	0	0	0	0	0	0	0	0	0	0	0	0	0	0	0	0	0	0	0	0	0
Anaerofilum	131	4	13	0	34	50	60	27	4	26	0	0	0	441	56	0	6	54	0	3	245	0	8	74	0	0	0	57	0	0	0	0	0	0	0	2089	13	6	60	0	0	0
Anaerotruncus	0	0	0	0	0	0	0	0	0	0	0	0	0	0	0	0	0	3	0	2	0	0	6	0	0	0	0	0	0	0	0	6	0	0	13	0	0	5	4	0	0	0
Angelakisella	108	0	16	11	0	17	67	21	0	0	64	9	0	9	6	0	39	99	0	0	0	3	62	18	0	12	15	0	7	0	0	0	0	0	0	9	11	37	3	13	0	0
Butyricicoccus	0	282	150	184	935	86	274	186	127	17	136	306	171	111	209	60	57	104	190	34	56	399	327	24	513	78	256	254	32	190	116	31	0	106	359	0	141	135	63	895	52	99
Candidatus_Soleaferrea	0	0	42	7	0	7	0	6	0	5	0	0	0	0	0	0	0	40	0	4	0	0	0	0	0	0	0	0	0	0	0	0	0	0	27	0	0	13	0	27	0	0
Caproiciproducens	0	0	0	0	0	0	39	0	16	0	4	13	0	0	0	0	0	0	6	0	31	0	0	0	0	0	0	58	0	0	162	0	58	0	0	0	0	166	0	0	0	3
Faecalibacterium	3863	1072	8325	5722	4109	1081	1933	11703	1695	9159	3124	9370	3275	1970	9773	5185	19704	11492	17910	822	745	1949	9878	1412	28247	12533	13269	886	2078	8514	161	1118	5030	4890	3366	2839	9162	6617	7652	3878	997	3388
Faecalibacterium_sp.UBA1819	27	0	9	35	72	609	80	12	222	106	56	42	11	0	0	82	70	467	147	209	21	72	158	35	64	62	101	69	10	199	73	15	17	9	172	99	41	50	8	376	850	69
Fastidiosipila	0	85	0	0	0	0	0	0	0	0	0	0	0	0	0	0	0	0	0	0	0	0	0	0	0	0	0	0	0	0	0	0	0	0	0	0	0	0	0	0	0	0
Flavonifractor	13	0	0	6	0	34	32	0	15	5	12	38	0	22	46	21	7	66	99	54	33	0	0	7	22	49	33	567	10	99	625	72	0	10	81	19	16	45	12	29	61	0
Fournierella	197	8	8	0	5	0	17	41	19	23	56	247	14	132	0	0	13	54	69	12	267	0	34	85	0	0	0	0	0	0	0	190	92	0	0	5	0	84	0	29	31	5
Harryflintia	0	0	0	0	0	0	0	0	0	0	0	0	0	0	0	0	0	25	0	0	0	0	10	0	0	0	0	0	0	6	0	0	0	0	0	0	3	0	0	0	0	0
Hydrogenoanaerobacterium	0	0	0	0	0	0	0	0	0	0	5	0	0	0	0	0	0	37	0	0	0	0	0	0	0	0	0	0	0	0	0	0	0	0	0	0	0	35	0	0	0	4
Intestinimonas	32	22	0	6	387	23	275	103	14	9	41	83	0	0	11	0	198	362	25	15	8	0	0	0	29	7	14	40	34	103	0	31	80	0	0	56	46	104	11	6	49	0
Negativibacillus	28	0	0	8	0	0	11	0	52	0	0	0	12	0	18	15	120	13	0	0	0	0	33	0	0	0	27	284	0	0	0	0	0	31	0	0	18	0	0	25	0	5
Oscillibacter	53	0	71	13	20	226	406	60	17	6	120	89	28	113	53	0	21	495	163	74	151	0	53	28	7	25	13	19	111	249	0	61	55	0	25	32	46	366	99	12	66	21
Oscillospira	0	0	0	0	0	0	0	0	0	0	0	0	0	0	0	0	0	30	4	0	17	0	0	0	0	0	0	0	12	13	0	9	0	0	3	0	0	65	29	0	0	0
Papillibacter	0	0	0	0	0	4	0	0	0	0	0	0	0	0	0	0	0	0	0	0	0	0	0	0	0	0	0	0	0	0	0	0	0	0	0	0	6	0	0	11	0	0
Phocea	0	0	0	0	0	0	0	0	0	0	0	0	0	0	0	0	0	0	0	0	0	0	0	0	0	0	0	11	0	5	0	0	0	0	0	0	7	0	0	0	0	0
Pseudoflavonifractor	0	0	0	0	0	0	0	0	0	0	0	0	0	0	0	0	0	32	0	0	0	0	0	0	0	0	0	0	0	0	0	0	0	0	0	0	0	0	0	0	10	0
Pygmaiobacter	0	0	0	0	0	0	0	0	0	0	0	0	0	0	0	0	0	0	0	0	0	0	0	0	0	0	0	0	0	0	1037	0	18	0	0	0	0	0	0	0	0	0
Ruminiclostridium_1	0	0	0	0	0	0	0	0	0	0	0	0	0	0	0	0	0	0	0	0	0	0	0	0	0	0	0	0	0	0	0	0	0	0	0	0	0	7	0	0	0	0
Ruminiclostridium_5	129	33	24	166	797	194	32	66	196	39	78	154	12	26	127	92	68	595	878	327	0	415	200	381	414	214	367	225	184	125	0	9	254	408	1169	515	111	445	54	727	985	1000
Ruminiclostridium_6	275	204	477	96	0	0	127	324	82	59	319	429	56	618	0	196	156	24	8	164	369	827	1205	0	0	1922	41	0	156	28	0	0	4197	49	0	0	919	927	1191	18	0	198
Ruminiclostridium_9	18	60	0	0	4	26	221	15	79	190	5	124	23	15	29	75	230	128	28	10	66	44	358	24	65	18	0	32	55	65	0	67	40	0	9	0	67	81	160	78	0	0
Ruminococcaceae_NK4A214_group	852	234	207	248	206	4153	1589	394	1399	2908	1624	1404	848	1135	835	200	932	2276	226	851	562	1127	369	1762	495	278	138	0	1885	10	0	690	249	94	0	208	165	1962	857	2949	584	1524
Ruminococcaceae_UCG.002	3676	112	1275	1112	806	1927	16811	2065	4676	3810	6575	2574	1463	4057	1844	23	3837	22099	9410	2430	3383	1427	375	1110	1207	530	812	24	6559	2304	13	2792	3921	1603	110	2339	4491	21760	2546	361	1892	3845
Ruminococcaceae_UCG.003	120	12	14	30	99	334	172	113	53	57	383	363	144	448	141	6	68	1053	748	239	824	36	13	345	27	50	16	0	44	48	0	1310	412	9	0	1283	613	2408	711	0	35	29
Ruminococcaceae_UCG.004	0	0	0	0	0	0	0	0	0	0	0	0	0	0	0	0	0	0	97	44	0	0	139	92	0	31	0	0	0	0	0	0	0	0	300	32	0	47	57	102	0	140
Ruminococcaceae_UCG.005	873	129	440	200	185	262	1274	452	509	2917	830	1464	198	358	1157	0	2364	2371	515	443	1355	367	206	111	247	108	391	30	698	403	0	244	2076	78	0	364	2820	3922	677	412	293	351
Ruminococcaceae_UCG.007	0	0	0	0	0	0	0	0	0	0	0	0	0	0	0	0	0	6	0	0	0	0	0	0	0	0	0	0	0	0	0	0	0	0	0	0	0	0	0	0	0	0
Ruminococcaceae_UCG.008	0	0	0	0	0	0	0	0	0	0	0	0	0	0	31	0	0	12	0	0	0	0	0	0	0	0	0	0	0	0	0	0	0	0	0	0	0	0	0	0	0	0
Ruminococcaceae_UCG.009	52	0	34	0	14	0	534	0	0	0	77	14	4	16	0	0	0	98	10	0	16	0	12	0	32	0	16	19	40	0	0	12	0	0	0	0	0	17	34	0	22	0
Ruminococcaceae_UCG.010	327	73	60	29	276	10	1249	679	1244	339	550	497	58	476	234	0	47	586	31	29	524	53	56	8	21	17	2	2	567	0	0	108	342	4	0	0	280	1387	395	0	177	287
Ruminococcaceae_UCG.011	0	0	0	0	0	0	349	0	0	0	96	0	0	0	0	0	9	61	0	0	0	0	0	0	0	0	0	0	21	0	0	0	0	0	0	0	0	0	0	0	0	0
Ruminococcaceae_UCG.013	238	709	24	678	4788	606	249	1138	922	106	361	3380	63	357	112	879	2139	837	470	63	124	2784	1180	22	974	1472	1308	72	347	265	0	257	640	585	1488	365	633	2802	1421	425	28	338
Ruminococcaceae_UCG.014	17449	1833	12609	2711	61	447	1339	11576	10948	2205	5256	5588	1696	3000	300	224	1952	0	781	2291	1321	16969	132	78	10000	3080	389	0	16773	0	3	1956	7618	8100	25	100	3376	926	2584	17	1454	512
Ruminococcaceae_V9D2013_group	9	0	0	0	0	0	0	0	0	0	24	0	0	0	0	0	0	0	0	0	0	0	0	0	0	0	0	0	10	0	0	0	0	0	0	0	0	0	0	0	13	0
Ruminococcus_1	96	434	28	402	432	144	585	463	713	368	185	403	1534	261	1340	124	949	4077	143	203	857	264	625	1425	2425	330	357	10	187	88	0	3171	33247	2579	0	102	752	3446	633	286	177	111
Ruminococcus_2	911	92	2013	27	17	3700	5950	6573	4083	6132	8155	134	1120	221	287	684	1388	1133	477	2264	1771	1924	760	88	4661	430	2029	19	1364	13	23	9565	102	341	0	628	2349	3974	2369	1110	5792	19178
Sporobacter	17	0	0	0	0	0	0	0	0	0	0	0	0	0	0	0	0	0	0	0	0	0	0	0	0	0	0	0	24	0	0	0	0	0	0	0	0	0	0	0	0	0
Subdoligranulum	2485	3793	10215	5087	8929	7032	608	4255	3184	3573	5786	3138	654	5901	2003	1693	4255	5682	10323	10455	598	1786	2983	4331	20504	9594	8728	7193	1749	6091	2055	7998	5087	1818	1633	10566	1435	1688	5708	14456	7916	5228
Clostridiales_bacterium_DTU089	0	11	0	0	0	0	0	0	22	24	75	0	0	10	7	0	13	52	40	80	0	0	107	18	4	10	0	0	32	15	0	0	0	0	0	52	0	9	0	333	41	15
Family_XIII_UCG-001	6	0	0	22	9	25	483	41	55	51	17	88	23	41	41	0	15	29	27	43	24	76	39	52	21	57	27	13	20	78	0	102	45	39	0	13	67	17	20	352	6	0
Clostridia_bacterium_UC5.1-2E3	0	0	0	0	0	186	0	0	0	0	0	0	0	0	0	0	19	0	0	55	0	0	63	0	0	0	12	0	0	0	0	0	0	0	0	0	0	0	0	0	549	8
Asteroleplasma	0	0	0	0	0	0	0	0	0	0	0	0	0	0	0	0	0	0	0	0	0	0	0	0	0	0	0	0	0	0	0	0	7	0	0	0	0	0	0	0	0	0
Candidatus_Stoquefichus	0	0	0	0	0	0	0	0	0	0	0	0	0	0	0	0	0	0	0	0	0	0	0	0	0	0	0	0	0	0	0	0	0	7	0	0	0	0	0	0	0	0
Catenibacterium	167	0	54	266	17396	0	0	0	0	0	63	0	0	266	0	0	0	0	0	0	44	0	0	0	0	0	0	370	593	0	0	9	0	0	0	0	0	0	0	0	0	2088
Coprobacillus	0	0	0	0	0	0	0	0	0	0	0	0	0	0	141	17	5	0	0	0	0	0	0	0	0	0	5	0	58	0	0	0	0	0	0	0	0	0	0	0	57	0
Dielma	0	0	0	0	0	2	0	0	0	0	2	0	0	0	0	0	0	0	0	0	0	0	0	0	0	0	0	0	0	0	0	0	0	0	21	0	0	0	0	0	0	0
Erysipelatoclostridium	0	3	0	0	0	2	0	11	0	0	0	3	10	0	0	123	5	0	2	0	0	0	304	0	0	0	0	0	0	0	428	0	0	30	28	0	0	0	0	14	17	0
Erysipelotrichaceae_UCG.003	7	1975	105	81	162	468	287	164	142	362	72	2530	903	178	728	899	360	114	100	89	8	741	4182	59	82	72	1221	97	12	156	0	6	590	1226	793	12	118	79	308	257	375	0
Erysipelotrichaceae_UCG.004	0	0	0	0	0	0	5	4	0	0	0	0	0	0	3	0	0	0	0	0	8	0	0	0	0	0	0	0	0	0	0	0	0	0	0	0	9	25	5	0	0	0
Faecalicoccus	0	0	0	0	0	0	0	0	0	0	0	0	0	0	0	0	0	0	0	0	0	0	11	0	0	0	0	0	0	0	0	0	0	0	0	0	0	0	0	0	0	0
Faecalitalea	0	0	0	0	0	0	0	0	0	0	0	0	0	0	0	0	0	0	3	0	0	7	0	0	0	0	0	0	0	0	0	0	0	0	0	0	0	0	0	57	0	0
Holdemanella	484	2146	0	1200	7262	0	0	0	0	182	0	0	243	143	0	0	0	0	0	0	0	0	0	180	0	0	199	0	97	0	0	0	109	0	0	300	348	0	0	0	0	695
Holdemania	21	4	6	0	0	31	0	0	14	0	0	10	9	0	7	0	0	93	0	11	0	0	36	9	0	0	23	102	7	15	0	3	0	16	36	0	7	0	0	61	9	3
Merdibacter	0	0	0	0	0	0	0	0	0	0	0	0	0	0	0	0	0	0	0	0	0	0	0	0	0	0	0	0	0	0	0	0	0	0	0	0	0	8	0	0	0	0
Solobacterium	0	5	0	4	0	0	0	0	0	3	6	0	8	38	0	0	4	2	0	0	0	10	0	0	0	0	6	48	102	0	0	0	0	0	0	0	0	0	0	0	0	0
Turicibacter	14	1508	109	1831	347	96	0	58	47	33	11	0	34	0	24	0	0	97	73	172	0	1062	7	351	0	0	0	0	0	14	0	0	36	0	60	199	0	0	0	54	38	21
Firmicutes_bacterium_CAG.56	6	18	18	15	21	14	31	43	43	39	35	178	68	74	94	0	17	324	0	30	249	264	350	0	81	24	151	0	10	0	0	0	281	0	0	26	483	39	232	25	0	294
Acidaminococcus	0	0	0	0	0	0	0	0	0	0	0	0	63	0	0	0	0	0	2	0	0	0	287	0	0	0	0	0	0	0	0	0	0	8	0	0	0	0	0	0	0	157
Phascolarctobacterium	92	10	196	43	179	1685	2959	8099	2414	260	4518	128	180	6493	235	321	125	1693	0	965	12645	112	314	635	261	3409	648	16871	176	136	0	12625	1751	1129	156	14647	5958	1407	3555	2236	855	0
Dendrosporobacter	0	0	0	0	0	0	0	2	0	0	0	0	0	0	0	0	0	0	0	0	0	0	0	0	0	0	0	0	0	0	0	0	0	0	0	0	0	0	0	0	0	0
Allisonella	25	0	0	0	0	0	0	0	78	0	172	0	79	153	41	0	18	0	34	50	0	10	70	0	125	0	0	1166	172	184	0	47	0	14	0	0	0	0	12	299	0	0
Anaeroglobus	0	0	0	0	0	0	0	0	0	0	0	0	0	0	0	5	0	0	0	0	0	0	0	3	0	0	0	0	0	0	0	0	0	0	0	0	9	0	0	0	0	0
Dialister	11458	1269	1687	7	0	12	1293	1303	9	330	0	0	8356	7	0	0	5658	11851	1489	17	0	5	40	25558	11164	14	22	286	14762	9243	21	25	0	0	0	6259	192	687	412	33	12	4695
Megamonas	0	0	18	0	0	0	0	0	0	922	351	0	0	0	0	0	0	0	0	65	0	2	0	0	0	0	0	0	0	0	0	3	0	0	0	0	0	0	0	10656	119	0
Megasphaera	5681	35	0	0	0	0	3	0	0	0	0	0	0	6	0	577	0	0	3633	0	0	22	0	20	0	0	19	9	5689	18813	0	0	0	0	0	0	0	25	0	24571	0	323
Mitsuokella	950	0	0	0	0	0	10	0	0	0	0	0	371	0	0	0	0	0	0	0	0	0	0	0	0	0	0	0	683	43	0	0	0	0	0	0	0	0	0	0	0	0
Negativicoccus	0	0	0	0	0	0	0	0	0	0	0	0	0	0	0	0	0	0	0	0	0	0	0	0	0	0	2	0	0	0	0	0	0	0	0	0	0	0	0	7	0	0
Selenomonas_3	0	0	0	0	0	0	0	0	0	0	0	0	0	0	0	18	0	0	0	0	0	0	0	0	0	0	0	0	0	0	0	0	0	0	0	0	0	6	0	0	0	0
Veillonella	370	8	749	186	0	0	58	23	1098	328	102	218	13	51	7	2056	14	2291	1492	150	197	34	311	3888	1380	637	2438	70	0	2734	52922	1441	558	130	37	674	1661	6115	16	1575	113	367
Cetobacterium	0	0	0	0	0	0	0	117	0	0	0	0	0	0	0	0	0	0	0	0	0	3	0	0	0	0	0	0	0	0	0	0	0	0	0	0	0	0	0	0	0	0
Fusobacterium	22	0	9	0	0	0	0	0	0	0	0	0	0	0	0	44	0	17	0	0	0	0	11	0	0	0	0	0	0	21	520	0	22	0	0	0	0	0	0	140	0	0
Leptotrichia	0	0	0	0	0	0	0	0	0	0	0	15	0	0	0	0	0	3	0	0	0	0	0	0	2	0	0	0	0	17	0	8	0	0	0	0	6	3	0	0	0	0
Victivallis	0	0	0	0	0	0	0	7	0	0	0	0	0	0	0	0	0	0	0	0	0	2	0	0	0	0	0	0	4	0	0	0	0	0	0	0	6	10	0	0	0	0
Ochrobactrum	0	0	0	0	0	0	0	0	0	0	0	0	0	0	0	0	0	0	0	0	0	0	0	0	0	0	0	0	0	0	0	0	0	0	3	0	0	0	0	0	0	0
Methylobacterium	0	0	0	0	0	0	0	0	0	2	0	0	0	0	0	0	0	0	0	0	0	0	0	0	0	0	0	0	0	0	0	0	0	0	0	0	0	0	0	0	0	0
Rhodobacter	0	0	0	0	0	0	0	0	0	0	0	0	0	0	0	0	0	0	0	0	0	0	0	0	0	0	2	0	0	0	0	0	0	0	0	0	0	0	0	0	0	0
Parasutterella	0	0	0	0	0	563	18	0	301	6	0	9	0	25	0	0	0	25	13390	100	28	0	388	3	493	0	903	0	0	118	194	8	0	161	61	0	798	75	7	14	464	0
Sutterella	0	0	8	0	83	12	13	3	0	85	76	7	0	142	195	47	0	2	1909	0	28	12	0	183	5	847	0	814	29	378	0	318	15	0	0	135	420	237	901	78	856	3
Lautropia	0	0	0	0	0	0	0	0	0	0	0	0	0	0	0	0	0	0	0	0	0	0	0	0	0	0	0	0	0	0	0	0	0	0	0	0	0	8	0	0	0	0
Oxalobacter	0	0	0	13	0	30	0	14	0	0	44	0	4	27	0	0	145	0	0	7	5	8	0	8	0	0	7	0	0	0	0	0	0	0	0	0	0	155	0	0	34	31
Neisseria	0	0	0	0	0	0	0	0	0	0	0	23	0	0	0	0	0	0	0	0	0	0	0	28	0	0	0	0	0	0	0	5	25	0	0	0	0	0	0	0	0	0
Bilophila	0	0	34	216	327	73	201	61	172	10	363	44	85	78	117	19	29	56	383	51	77	4	1296	35	236	0	106	573	0	0	0	147	185	41	22	0	45	331	124	386	292	30
Desulfovibrio	1208	107	0	0	0	0	0	0	54	57	4589	0	1119	1235	0	574	0	284	202	3064	0	56	0	0	19	0	0	7438	764	0	0	387	9	0	0	0	0	278	0	0	0	0
Campylobacter	0	0	0	0	0	10	0	0	0	0	0	0	0	15	0	0	0	2	0	0	0	0	0	2	0	3	0	3	0	0	0	0	0	0	0	0	12	9	0	0	0	0
Aeromonas	0	0	0	0	0	0	0	0	0	0	0	0	0	0	0	0	0	0	0	0	0	0	0	0	0	0	38	0	0	0	0	0	0	0	0	0	0	0	0	0	0	0
Succinivibrio	0	0	0	0	0	0	0	0	0	0	0	0	0	71	0	0	0	0	0	0	0	0	0	0	0	0	0	0	0	0	0	0	0	0	0	0	0	0	0	0	0	0
Cardiobacterium	0	0	0	0	0	0	0	0	0	0	0	0	0	0	0	0	0	0	0	0	0	0	0	6	0	0	0	0	0	0	0	0	0	8	0	0	0	4	0	0	0	0
Citrobacter	0	0	0	102	0	138	27	0	502	424	0	0	0	0	188	0	0	155	1294	0	0	0	0	0	0	0	0	0	0	0	0	0	2613	110	0	196	517	0	0	812	144	199
Cronobacter	0	0	0	0	0	0	0	0	0	295	0	0	0	0	0	0	0	0	0	0	0	0	0	0	0	0	0	0	0	0	0	0	0	0	0	0	0	0	0	0	0	0
Enterobacter	0	0	0	0	0	0	0	0	77	0	0	0	0	0	0	0	0	0	0	0	0	0	0	0	0	0	0	0	0	0	0	0	0	0	0	0	0	0	0	0	0	0
Escherichia.Shigella	31	12300	34057	9362	102	15005	65	9994	1601	409	599	40	308	1590	1256	25674	77	1010	1716	10109	72	493	188	973	1412	97	632	34669	343	385	7194	33	308	245	346	1832	128	185	109	2257	899	1539
Klebsiella	0	0	816	0	0	430	0	25	15268	3378	468	43	795	109	144	12592	0	212	27443	192	0	242	6	1340	0	0	282	0	16	130	14065	145	2462	131	5801	97	956	107	41	3090	141	0
Morganella	0	0	0	0	0	0	0	0	0	0	0	0	0	0	0	0	0	0	0	0	0	0	0	0	3	0	0	0	0	0	19	0	0	0	0	0	0	0	0	0	0	0
Proteus	0	0	0	0	0	0	0	0	0	0	0	0	0	0	0	0	0	0	0	0	0	0	0	0	0	0	0	0	0	0	42	0	0	0	0	0	0	0	0	0	0	0
Raoultella	0	0	0	0	0	0	0	0	0	0	0	0	0	0	0	0	0	0	0	0	0	0	0	0	0	0	0	0	0	0	0	0	71	0	0	0	0	0	0	0	0	0
Rosenbergiella	0	0	0	0	0	0	0	0	0	0	0	0	0	0	0	0	0	0	0	0	0	0	0	0	0	0	0	0	0	0	0	0	0	0	0	15	0	0	0	0	0	0
Salmonella	0	0	0	0	0	0	0	0	212	0	0	0	0	0	0	0	0	0	0	0	0	0	0	0	0	0	0	0	0	0	0	0	0	0	0	0	0	0	0	0	0	0
Hafnia.Obesumbacterium	0	0	0	0	0	0	0	0	0	0	0	0	0	0	0	0	0	0	0	0	0	0	0	0	0	0	0	0	0	0	0	0	193	0	0	191	0	0	0	0	0	0
Actinobacillus	0	0	0	0	0	0	0	0	28	29	0	0	0	0	0	0	0	0	0	0	0	0	0	0	16	0	0	0	0	0	0	0	1714	63	0	0	238	0	0	0	0	0
Aggregatibacter	0	0	0	0	0	0	0	0	39	0	0	0	0	0	0	0	0	0	0	0	0	0	0	0	0	0	0	0	0	0	0	0	0	0	0	0	26	0	0	0	0	0
Gallibacterium	0	0	0	0	0	0	0	0	0	0	0	0	0	0	0	0	0	0	0	0	0	0	0	0	0	0	0	0	0	0	62	0	0	0	0	0	0	0	0	0	0	0
Haemophilus	46	0	410	2743	62	16	19	51	1334	969	103	28	32	20	11	2555	0	283	15977	430	19	0	47	4084	1146	142	617	0	5	1270	649	947	7391	179	0	100	3875	1989	7	48	8	984
Acinetobacter	0	0	0	0	0	0	0	0	0	0	0	0	0	0	0	3	0	0	0	0	0	6	0	0	0	0	2	0	0	0	0	0	0	0	0	0	0	0	0	0	0	0
Pseudomonas	0	0	0	0	0	0	0	0	0	5	0	0	0	2	0	11	0	0	0	0	0	0	0	0	0	0	16	0	0	0	0	0	134	0	0	0	8	8	0	0	0	0
Stenotrophomonas	0	0	0	0	0	0	0	0	0	0	0	3	0	0	0	0	0	0	0	0	0	0	0	0	0	0	0	0	0	0	0	0	0	0	0	0	0	0	0	0	0	0
Candidatus_Saccharimonas	0	11	0	2	0	0	0	0	0	9	0	0	0	0	0	0	0	5	0	0	0	2	0	0	0	0	7	0	0	0	0	0	0	0	0	0	0	0	0	0	0	0
Treponema_2	0	0	0	0	0	0	0	0	0	0	0	0	0	0	0	2	0	0	0	0	0	0	0	0	0	0	0	0	0	0	0	0	0	0	0	0	0	0	0	0	0	0
Cloacibacillus	0	0	0	0	0	5	0	0	0	6	21	0	0	0	0	9	0	56	0	0	0	0	0	0	3	0	18	15	0	0	0	0	0	0	0	0	9	12	0	8	0	0
Pyramidobacter	0	0	0	0	0	0	0	0	0	0	0	0	0	0	0	0	0	0	0	0	0	0	0	14	0	0	0	0	0	0	0	0	8	0	0	0	11	0	0	0	0	0
Anaeroplasma	0	0	0	0	0	0	7	0	0	0	0	0	0	0	0	0	0	0	0	0	0	0	0	0	0	0	0	0	0	0	0	0	0	0	0	0	0	446	0	0	0	0
Cerasicoccus	0	0	0	0	0	0	0	0	0	0	0	7	0	3	0	0	0	0	0	0	0	0	0	0	0	0	0	0	5	0	0	0	0	0	0	0	0	45	0	0	0	0
Akkermansia	0	16	39	8995	0	0	32	7398	16	62	251	10383	0	0	0	1969	11	12483	57	624	43	5551	1965	13	1370	39654	4791	13	42	3490	8	0	3964	0	32632	14724	397	2746	644	25	13	25
